1.000000000000000000e+00,0.000000000000000000e+00,0.000000000000000000e+00,0.000000000000000000e+00,1.000000000000000000e+00,0.000000000000000000e+00,0.000000000000000000e+00,0.000000000000000000e+00,1.000000000000000000e+00
1.000000000000000000e+00,0.000000000000000000e+00,0.000000000000000000e+00,0.000000000000000000e+00,1.000000000000000000e+00,0.000000000000000000e+00,0.000000000000000000e+00,0.000000000000000000e+00,1.000000000000000000e+00
1.000000000000000000e+00,0.000000000000000000e+00,0.000000000000000000e+00,0.000000000000000000e+00,1.000000000000000000e+00,0.000000000000000000e+00,0.000000000000000000e+00,0.000000000000000000e+00,1.000000000000000000e+00
1.000000000000000000e+00,0.000000000000000000e+00,0.000000000000000000e+00,0.000000000000000000e+00,1.000000000000000000e+00,0.000000000000000000e+00,0.000000000000000000e+00,0.000000000000000000e+00,1.000000000000000000e+00
9.999995517273503332e-01,9.336921841248423169e-05,9.422458741954611123e-04,-9.384759174546114166e-05,9.999998667352623105e-01,5.076633600557171151e-04,-9.421983484961667056e-04,-5.077515599902429492e-04,9.999994272251486738e-01
9.999806500817727262e-01,4.424199247394600219e-04,6.205137117409242377e-03,-4.497950666938885971e-04,9.999991941091994629e-01,1.187209059111351498e-03,-6.204606871803739106e-03,-1.189977126776708537e-03,9.999800432048653320e-01
9.998626586311222253e-01,1.089434275466769422e-03,1.653714026256400751e-02,-1.124655451236344309e-03,9.999971189457274034e-01,2.120672148439697261e-03,-1.653478228523985391e-02,-2.138979477368042285e-03,9.998610032107341228e-01
9.994866176120429380e-01,2.026858832987431941e-03,3.197488166841800511e-02,-2.135220349539584950e-03,9.999920917822087141e-01,3.355176165588085856e-03,-3.196782833564245502e-02,-3.421727095248705466e-03,9.994830412444171142e-01
9.986232045131252510e-01,3.227101787990713927e-03,5.235724612684252571e-02,-3.489957548804080434e-03,9.999817585696358924e-01,4.929779334421569882e-03,-5.234038215607873107e-02,-5.105716602837617225e-03,9.986162506457257892e-01
9.969839420719587286e-01,4.649771026075690677e-03,7.746869612986968801e-02,-5.198078869147198730e-03,9.999628382315367547e-01,6.877654542019287498e-03,-7.743383773730412589e-02,-7.259599529884563571e-03,9.969710622620590046e-01
9.943651418470633718e-01,5.894031636106948462e-03,1.058452883719545740e-01,-7.040831141885172013e-03,9.999204596565443026e-01,1.046427527717020724e-02,-1.057751926318317298e-01,-1.115054937290114491e-02,9.943275485836553518e-01
9.907673612431423527e-01,6.078851668359171526e-03,1.354366400118326430e-01,-8.589212520340849116e-03,9.998018358417047891e-01,1.795868803218431120e-02,-1.353006331233563841e-01,-1.895617603713858207e-02,9.906232392117942931e-01
9.858808443349225126e-01,4.929487823143259041e-03,1.673758074611202407e-01,-9.935926885663595720e-03,9.995274965709071147e-01,2.908712697428407837e-02,-1.671533371799177048e-01,-3.033947508604687912e-02,9.854639912858915718e-01
9.800846910044231919e-01,2.783383348543287499e-03,1.985604473098799005e-01,-1.119035340648564733e-02,9.990870138057859062e-01,4.123002346925902506e-02,-1.982644054019845614e-01,-4.263087638992127393e-02,9.792210342557112757e-01
9.738447370103870959e-01,3.120072022116818569e-04,2.272142839890925192e-01,-1.253956479407825064e-02,9.985488286297106164e-01,5.237362081246880324e-02,-2.268682161783473206e-01,-5.385294322262173389e-02,9.724354338434588740e-01
9.672151708844407558e-01,-2.416408165593991741e-03,2.539467939993714785e-01,-1.407132720416095356e-02,9.979086746282948006e-01,6.308941949577027974e-02,-2.535681584144495737e-01,-6.459441208941442414e-02,9.651584071877150617e-01
9.603740918222124501e-01,-5.298438139147700239e-03,2.786638302865055428e-01,-1.575296135491481564e-02,9.971891495631833857e-01,7.325055769074824419e-02,-2.782686614860022667e-01,-7.473771836723878959e-02,9.575911577954593357e-01
9.534468459056086864e-01,-8.285408666740649852e-03,3.014472823494538933e-01,-1.754963671831069258e-02,9.964038071468026558e-01,8.289429024011685243e-02,-3.010500328578317730e-01,-8.432558986797844547e-02,9.498726612602954589e-01
9.465559544536890080e-01,-1.133349695506663708e-02,3.223404674176598150e-01,-1.941901227166620975e-02,9.955670235425113646e-01,9.202827607370253626e-02,-3.219545419009627873e-01,-9.336944618810924523e-02,9.421398088754489031e-01
9.398101782378834868e-01,-1.440593976995619904e-02,3.413931718412398508e-01,-2.132054846227569508e-02,9.946917910281120045e-01,1.006661565500301392e-01,-3.410311761316634493e-01,-1.018857681947376581e-01,9.345143268808792092e-01
9.333072277988002652e-01,-1.747008155054138867e-02,3.586536139356963915e-01,-2.321598752213556438e-02,9.937901624549773105e-01,1.088215554524085416e-01,-3.583275547064308508e-01,-1.098904420699408080e-01,9.271059563392861635e-01
9.271337019854564154e-01,-2.049682210015014647e-02,3.741697194142483696e-01,-2.506999340146582114e-02,9.928732279724910015e-01,1.165085773938389080e-01,-3.738911527083691455e-01,-1.173994610689524654e-01,9.200123762575840303e-01
9.213654394100261324e-01,-2.346025708151397784e-02,3.879888444252477808e-01,-2.685025424551875858e-02,9.919511593444252373e-01,1.237415101015083702e-01,-3.877689916789645586e-01,-1.244287499451793427e-01,9.133196019353571060e-01
9.160678026929196527e-01,-2.633746834285274896e-02,4.001576172343284110e-01,-2.852749084354141290e-02,9.910332462556294963e-01,1.305346202438266712e-01,-4.000074538499722721e-01,-1.309940555037426568e-01,9.071023064060330654e-01
9.112959833933202969e-01,-2.910836269012163566e-02,4.107217231565693516e-01,-3.007541355412637549e-02,9.901279333573103081e-01,1.369019542779793541e-01,-4.106520426720772776e-01,-1.371108267318157936e-01,9.014241626682570896e-01
9.070953278200768466e-01,-3.175552904547285921e-02,4.197256873507142494e-01,-3.147065818697528800e-02,9.892428575058982432e-01,1.428571543425242174e-01,-4.197471428375254554e-01,-1.427941008886828844e-01,8.963382067228455874e-01
9.035016871224405000e-01,-3.426410242944561563e-02,4.272126784771348440e-01,-3.269271078253657009e-02,9.883848851603161956e-01,1.484132926941451047e-01,-4.273358024184175097e-01,-1.480584008806424268e-01,8.918872248777162115e-01
9.005417906511471449e-01,-3.662163071965500449e-02,4.332243523328976331e-01,-3.372382604048232424e-02,9.875601496926819101e-01,1.535827278575259414e-01,-4.334595561849071133e-01,-1.529176474524795160e-01,8.881041640762542544e-01
8.982336397408817730e-01,-3.881794315070734996e-02,4.378007488885740650e-01,-3.454894220138687161e-02,9.867740882644578937e-01,1.583769848261205038e-01,-4.381583036193802960e-01,-1.573850883006278623e-01,8.850125620294836404e-01
8.965869183496454342e-01,-4.084502071223693187e-02,4.409802514028296483e-01,-3.515559444213631202e-02,9.860314778801496649e-01,1.628066608247584757e-01,-4.414702504401694649e-01,-1.614732451909753896e-01,8.826269931651699041e-01
8.956034171160207613e-01,-4.269686900310078193e-02,4.427996122711030935e-01,-3.553382842908613115e-02,9.853364702399340924e-01,1.668813574138228173e-01,-4.434319184353776588e-01,-1.651938794036869051e-01,8.809535265383077185e-01
8.952774680742066060e-01,-4.436939414708244295e-02,4.432940469052778498e-01,-3.567611528632106538e-02,9.846926250577392459e-01,1.706096391033503634e-01,-4.440782250422947719e-01,-1.685579752486341953e-01,8.799901925722615204e-01
8.955963882725607172e-01,-4.586028225147401743e-02,4.424973941448237524e-01,-3.557726880790754859e-02,9.841029415806131775e-01,1.739990181482461429e-01,-4.434426313034350309e-01,-1.715757409548300250e-01,8.797274565787328582e-01
8.965409316925401217e-01,-4.716888268929990413e-02,4.404423393654555152e-01,-3.523436526616381681e-02,9.835698881292374018e-01,1.770559647956812810e-01,-4.415573544899491498e-01,-1.742566259035278342e-01,8.801486982462423114e-01
8.980857500154344475e-01,-4.829609525983527551e-02,4.371606944841529563e-01,-3.464666566180907292e-02,9.830954295707847734e-01,1.797859419297088146e-01,-4.384536397131774121e-01,-1.766093529224506686e-01,8.812306975375858720e-01
9.001998638165921163e-01,-4.924426105613879945e-02,4.326837273778892934e-01,-3.381553975692175307e-02,9.826810527282886509e-01,1.821934627800081141e-01,-4.341620831619648069e-01,-1.786419641681567805e-01,8.829441285736069345e-01
9.028471465861721557e-01,-5.001705666563231734e-02,4.270425317737259197e-01,-3.274439075099273844e-02,9.823277898208983006e-01,1.842821701086015951e-01,-4.287129981415925273e-01,-1.803618789769506625e-01,8.852540640044249676e-01
9.059868245059617964e-01,-5.061939116030173685e-02,4.202684273891674205e-01,-3.143857903294084571e-02,9.820362401133394537e-01,1.860549350392110002e-01,-4.221368138056583175e-01,-1.817759619493619083e-01,8.881204930004661380e-01
9.095739950944962127e-01,-5.105730520580430143e-02,4.123933789877797795e-01,-2.990534309268920443e-02,9.818065900276630176e-01,1.875139734333435004e-01,-4.144644953459171721e-01,-1.828905994395924328e-01,8.914988562719979859e-01
9.135601676257278925e-01,-5.133787154103533479e-02,4.034504220759820847e-01,-2.815371542734776064e-02,9.816386320333121418e-01,1.886609774367861148e-01,-4.057279734443853259e-01,-1.837117825437545315e-01,8.953406014022307069e-01
9.178938276067971636e-01,-5.146909605483651617e-02,3.934740822374978575e-01,-2.619443115192755453e-02,9.815317826802658630e-01,1.894972595187752462e-01,-3.959605700293529762e-01,-1.842451946179252398e-01,8.995937612290521024e-01
9.225210265673284837e-01,-5.145981871669670638e-02,3.825007746381788865e-01,-2.403982704167653695e-02,9.814851001722428858e-01,1.900239060110287814e-01,-3.851974068668797546e-01,-1.844963013112369266e-01,9.042035570298894154e-01
9.273859969916121715e-01,-5.131961370393345323e-02,3.705691701061387677e-01,-2.170372890598000135e-02,9.814973018907015012e-01,1.902419368405624533e-01,-3.734757833319973797e-01,-1.844704410753979507e-01,9.091130268750958754e-01
9.324317904712826621e-01,-5.105868820705465605e-02,3.577205144761665956e-01,-1.920132552837750320e-02,9.815667822741729331e-01,1.901524678616603736e-01,-3.608355099161830726e-01,-1.841729141174165141e-01,9.142636777697270567e-01
9.376009351566247929e-01,-5.068777958105489395e-02,3.439988886530955803e-01,-1.654902790189837630e-02,9.816916314305845770e-01,1.897568719563514084e-01,-3.473191847118795028e-01,-1.836090678052131053e-01,9.195961581861766820e-01
9.428361064570587313e-01,-5.021805073708009159e-02,3.294513981470740260e-01,-1.376431312663190312e-02,9.818696548130039226e-01,1.890569349205274696e-01,-3.329724013263649640e-01,-1.827843766232786493e-01,9.250509454172746171e-01
9.480808028291594081e-01,-4.966098392243839532e-02,3.141282826850709808e-01,-1.086555309201914579e-02,9.820983942232432984e-01,1.880550021140929839e-01,-3.178438784416353080e-01,-1.817045149135879667e-01,9.305690399949897440e-01
9.532800165541152060e-01,-4.902827330519560212e-02,2.980829388866410579e-01,-7.871828897919815743e-03,9.823751503259455786e-01,1.867541119544030292e-01,-3.019855035401332044e-01,-1.803754208277471294e-01,9.360926573864497557e-01
9.583808878098996065e-01,-4.833171704482431413e-02,2.813718518405988189e-01,-4.802732827413370986e-03,9.826970067623073124e-01,1.851581125897278357e-01,-2.854522860971642761e-01,-1.788033501584936069e-01,9.415659054649343496e-01
9.633333292389906211e-01,-4.758310977668732400e-02,2.640544346177555735e-01,-1.678160512642520169e-03,9.830608558526930940e-01,1.832717585103193769e-01,-2.683022186911927509e-01,-1.769949190065938927e-01,9.469354350172102253e-01
9.680906077241897556e-01,-4.679413664865210432e-02,2.461927781465501341e-01,1.481903325471180949e-03,9.834634257768235521e-01,1.811007844318973936e-01,-2.505960478514039358e-01,-1.749571345633606223e-01,9.521510499215108947e-01
9.726098702939016682e-01,-4.597627020893690908e-02,2.278513172763207695e-01,4.657601587432259882e-03,9.839013090248305282e-01,1.786519545000213316e-01,-2.323969598646516699e-01,-1.726974136369730239e-01,9.571662637017497310e-01
9.768526020110009922e-01,-4.514067154358060441e-02,2.090964220567426979e-01,7.829419572651655918e-03,9.843709918276978277e-01,1.759330856812042210e-01,-2.137701900020025636e-01,-1.702235889080862263e-01,9.619387899683423671e-01
9.807850053239574040e-01,-4.429809709333167034e-02,1.899959260763104674e-01,1.097839325594658286e-02,9.848688842059650783e-01,1.729530450856976154e-01,-1.947825665022484831e-01,-1.675439032516770899e-01,9.664309557697280395e-01
9.843782925857048616e-01,-4.345881253999116928e-02,1.706186059568722824e-01,1.408630654306528701e-02,9.853913502244154854e-01,1.697217218592790566e-01,-1.755020029914967639e-01,-1.646669927930840271e-01,9.706100290180682544e-01
9.876088861363179205e-01,-4.263251504433245020e-02,1.510336276647568921e-01,1.713587326355641219e-02,9.859347380097716051e-01,1.662499751371373791e-01,-1.559969546884713287e-01,-1.616018596631803306e-01,9.744484537836393123e-01
9.904585233262821475e-01,-4.182826494771698517e-02,1.313099760939137051e-01,2.011090014491239558e-02,9.864954090787692031e-01,1.625495603250687870e-01,-1.363358546593007037e-01,-1.583578356696485057e-01,9.779239902039127408e-01
9.929142669365491614e-01,-4.105442782811771774e-02,1.115158843822766366e-01,2.299642766834712748e-02,9.870697665347096805e-01,1.586330366210276788e-01,-1.165865465152386149e-01,-1.549445382994176779e-01,9.810197588340565655e-01
9.949684244386298726e-01,-4.031862754205015748e-02,9.171827867571268056e-02,2.577884648678682375e-02,9.876542817198838975e-01,1.545136591832288186e-01,-9.681572932081301819e-02,-1.513718206057711180e-01,9.837241922828641183e-01
9.966183822592931119e-01,-3.962771060162682130e-02,7.198225264149106517e-02,2.844598793631398365e-02,9.882455189564742781e-01,1.502052596708108034e-01,-7.708842917842349818e-02,-1.476497166096919222e-01,9.860308997551145982e-01
9.978663635278893773e-01,-3.898772194709520383e-02,5.237058408116253977e-02,3.098718804057577075e-02,9.888401580663220836e-01,1.457221190235344910e-01,-5.746751009887345746e-02,-1.437883838588748797e-01,9.879384525112325788e-01
9.987191195885628536e-01,-3.840389189462375258e-02,3.294330365327927113e-02,3.339332524321386025e-02,9.894350144266005342e-01,1.410788363144307722e-01,-3.801323450388097158e-02,-1.397980447430473283e-01,9.894501001508736460e-01
9.991875667981703346e-01,-3.788063378095064826e-02,1.375732315189325677e-02,3.565683286426309107e-02,9.900270563900904763e-01,1.362901973205073725e-01,-1.878288119650776272e-02,-1.356889280668335529e-01,9.905734289662891934e-01
9.992863807916225749e-01,-3.742155160176137418e-02,-5.133871842673540242e-03,3.777168792960899912e-02,9.906134199716303268e-01,1.313710461367286197e-01,1.695739617839273593e-04,-1.314712122398928873e-01,9.913199743760054972e-01
9.990335605072274694e-01,-3.702945675756544319e-02,-2.368046267477604688e-02,3.973337854638384070e-02,9.911914207729549675e-01,1.263361627380719110e-01,1.879371196814601935e-02,-1.271549712686468880e-01,9.917047996617379679e-01
9.984499738852039563e-01,-3.670639288438704712e-02,-4.183647176868928591e-02,4.153885238072952540e-02,9.917585631835614812e-01,1.212001489065480941e-01,3.704285884657495392e-02,-1.227501245355559212e-01,9.917460529465080832e-01
9.975588963652793906e-01,-3.645366765742811405e-02,-5.955987237064525736e-02,4.318644903682308106e-02,9.923125469531229870e-01,1.159773244173023243e-01,5.487420980821187261e-02,-1.182663911418966318e-01,9.914645136484695476e-01
9.963855522094359207e-01,-3.627189041350821486e-02,-7.681263772406282664e-02,4.467581924540184324e-02,9.928512712796381257e-01,1.106816348504069680e-01,7.224889288459615533e-02,-1.137132493785886489e-01,9.908831386156055077e-01
9.949566673625359625e-01,-3.616101443733656107e-02,-9.356073485014029800e-02,4.600783376051560680e-02,9.933728365960606821e-01,1.053265718883917290e-01,8.913197688540450137e-02,-1.090999016862917725e-01,9.900266168889303442e-01
9.933000411315580092e-01,-3.612038279247849204e-02,-1.097740690462465502e-01,4.718448475379115326e-02,9.938755442663207429e-01,9.992510649403477108e-02,1.054924295225232317e-01,-1.044352452778742890e-01,9.889209406505585775e-01
9.914441424984934415e-01,-3.614877664297858062e-02,-1.254263857911996904e-01,4.820878230718433910e-02,9.943578944197675185e-01,9.448963495296534842e-02,1.213030321710274612e-01,-9.972784842912328640e-02,9.875929984734663769e-01
9.894177354536322078e-01,-3.624446509878407469e-02,-1.404951369959451801e-01,4.908464835971531465e-02,9.948185821619284219e-01,8.903193741985893084e-02,1.365402580384608711e-01,-9.498593230070231930e-02,9.860701955742081637e-01
9.872495364002005225e-01,-3.640525572007274197e-02,-1.549613185073786814e-01,4.981681018141611433e-02,9.952564924001947588e-01,8.356314832873297516e-02,1.511841205316812042e-01,-9.021735803722687186e-02,9.843801044351947471e-01
9.849679054773287090e-01,-3.662854492602984208e-02,-1.688092855153573435e-01,5.041069514748831165e-02,9.956706935169700179e-01,7.809373781669594339e-02,1.652179983971195920e-01,-8.542961879838666117e-02,9.825501479505315272e-01
9.826005726001878493e-01,-3.691136766650968820e-02,-1.820265520817506422e-01,5.087232828269708934e-02,9.960604301113085146e-01,7.263350316191653777e-02,1.786284438181109657e-01,-8.062983631052704492e-02,9.806073161850554776e-01
9.801743981348824963e-01,-3.725044582588261238e-02,-1.946035804570256655e-01,5.120823375307561459e-02,9.964251150145562175e-01,6.719156914463965402e-02,1.914049791327578076e-01,-7.582476148331433741e-02,9.785779169331316751e-01
9.777151674115723834e-01,-3.764223493364548395e-02,-2.065335652201872596e-01,5.142534120837480988e-02,9.967643207672302053e-01,6.177639619664433007e-02,2.035398872333462894e-01,-7.102077861191599673e-02,9.764873595241231330e-01
9.752474177244432330e-01,-3.808296885330622605e-02,-2.178122166112905489e-01,5.153089763054420624e-02,9.970777707245239707e-01,5.639579520145278357e-02,2.150280000632383282e-01,-6.622391267761169875e-02,9.743599707389831721e-01
9.727942960579546439e-01,-3.856870220806826732e-02,-2.284375467542354432e-01,5.153238512470191546e-02,9.973653299373116399e-01,5.105694783667009962e-02,2.258664889718427493e-01,-6.143983926592257172e-02,9.722188412649231948e-01
9.703774454982081465e-01,-3.909535037837172378e-02,-2.384096618158849934e-01,5.143744490130403024e-02,9.976269959351911076e-01,4.576643140285061723e-02,2.360546600480440127e-01,-5.667389663786025905e-02,9.700857008066265941e-01
9.680169181175113380e-01,-3.965872697159696786e-02,-2.477305625337090089e-01,5.125380754094418373e-02,9.978628895184942227e-01,4.053024715391677357e-02,2.455937569459603065e-01,-5.193109951458810269e-02,9.679808197750483512e-01
9.657311120403420102e-01,-4.025457871916374164e-02,-2.564039549801578333e-01,5.098922950554017619e-02,9.980732456478049741e-01,3.535385122568104888e-02,2.544867731567900804e-01,-4.721615416569723001e-02,9.659229353701286325e-01
9.635367303917270476e-01,-4.087861780085112057e-02,-2.644350729247400555e-01,5.065143575874474918e-02,9.982584045025886255e-01,3.024218734689099186e-02,2.627382751743612688e-01,-4.253347442472385498e-02,9.639291998439321052e-01
9.614487598779354327e-01,-4.152655163176426772e-02,-2.718305127073754046e-01,5.024806828197973113e-02,9.984188027652697306e-01,2.519972060748402673e-02,2.703542375534543907e-01,-3.788719829098172870e-02,9.620151487593894268e-01
9.594804668396084146e-01,-4.219411017479767628e-02,-2.785980811488189546e-01,4.978664021720902860e-02,9.985549651735667886e-01,2.023047164796493852e-02,2.773418904693791265e-01,-3.328120481253592222e-02,9.601946871323008281e-01
9.576434087363504544e-01,-4.287707086146329283e-02,-2.847466566935678567e-01,4.927449533015698657e-02,9.986674963720737486e-01,1.533805072011590158e-02,2.837095800528806611e-01,-2.871913098050784402e-02,9.584800914478833755e-01
9.559474591588826842e-01,-4.357128121815045246e-02,-2.902860637038661706e-01,4.871877246572287740e-02,9.987570730839540056e-01,1.052569115101139804e-02,2.894666414927795084e-01,-2.420438839925947647e-02,9.568820256672755376e-01
9.544008446115374023e-01,-4.427267930375396177e-02,-2.952269595955814840e-01,4.812637465751144761e-02,9.988244366150672571e-01,5.796281818410972154e-03,2.946232846655351678e-01,-1.974017952959288003e-02,9.554095694753274026e-01
9.530101914573930744e-01,-4.497731206916674718e-02,-2.995807343227794850e-01,4.750394255332041071e-02,9.988703856957682481e-01,1.152398315645356865e-03,2.991904918613454423e-01,-1.532951333277922032e-02,9.540702571617806216e-01
9.517805815655787649e-01,-4.568135175060305392e-02,-3.033594215727059007e-01,4.685783182629336269e-02,9.988957696598853575e-01,-3.403667452087166291e-03,3.031799270255665091e-01,-1.097522017197212485e-02,9.528701256682093890e-01
9.507156153413760524e-01,-4.638111040705834853e-02,-3.065756209216201622e-01,4.619409425452018769e-02,9.989014819558514890e-01,-7.869879440484651989e-03,3.066038558173611595e-01,-6.679965854068563649e-03,9.518137704688429679e-01
9.498174809520527617e-01,-4.707305270911009420e-02,-3.092424301200306647e-01,4.551846216942227741e-02,9.988884539815088282e-01,-1.224443155731045826e-02,3.094750757001725749e-01,-2.446264719144386479e-03,9.509044080817461442e-01
9.490870286831237790e-01,-4.775380708088899917e-02,-3.113733866192177624e-01,4.483633599323330610e-02,9.988576492315860422e-01,-1.652572377392084318e-02,3.118068552167214680e-01,1.723508291618410307e-03,9.501439441258504592e-01
9.485238494699458345e-01,-4.842017529183452462e-02,-3.129824174157769812e-01,4.415277460730844539e-02,9.988100577451693995e-01,-2.071234032087390306e-02,3.136128815613157816e-01,5.827106640477555839e-03,9.495330459478535934e-01
9.481263567478110943e-01,-4.906914058780872945e-02,-3.140837962743321943e-01,4.347248831524305746e-02,9.987466908394968534e-01,-2.480302999303587302e-02,3.149072155410279072e-01,9.862402300060704730e-03,9.490712189404271193e-01
9.478918708500431167e-01,-4.969787444474570159e-02,-3.146921073876482455e-01,4.279983418662736128e-02,9.986685761160299935e-01,-2.879668855924178567e-02,3.157042530122172175e-01,1.382737697667405126e-02,9.487568857594353977e-01
9.478167052584555163e-01,-5.030374202136442263e-02,-3.148222145460105592e-01,4.213881358841470304e-02,9.985767527248899933e-01,-3.269234324386926377e-02,3.160186918876273232e-01,1.772011444833645338e-02,9.485874677232305485e-01
9.478962540745672349e-01,-5.088430638103645653e-02,-3.144892349119831065e-01,4.149307173066675569e-02,9.984722668742824769e-01,-3.648913922368222235e-02,3.158655038299647000e-01,2.153879400180831738e-02,9.485594677421074206e-01
9.481250801340846968e-01,-5.143733154706078836e-02,-3.137085165309556056e-01,4.086589907174309477e-02,9.983561675724285100e-01,-4.018632806254768264e-02,3.152599097788890137e-01,2.528168494009735978e-02,9.486685541814886546e-01
9.484970032323877254e-01,-5.196078445019935294e-02,-3.124956187508865502e-01,4.026023444420653158e-02,9.982295025906479102e-01,-4.378325798892596793e-02,3.142173584983443679e-01,2.894714212054870853e-02,9.489096451092565720e-01
9.490051879662513290e-01,-5.245283582282359025e-02,-3.108662947752357519e-01,3.967866977696768438e-02,9.980933146375805531e-01,-4.727936590625723967e-02,3.127535073790064235e-01,3.253360247361675173e-02,9.492769924169754958e-01
9.496422307280092401e-01,-5.291186009018897934e-02,-3.088364756302709457e-01,3.912345630124635515e-02,9.979486377359871874e-01,-5.067417101376190530e-02,3.108842047852787838e-01,3.603958244324963894e-02,9.497642653376370259e-01
9.504002454140848544e-01,-5.333643430628746962e-02,-3.064222548907610810e-01,3.859651213754017318e-02,9.977964937950917212e-01,-5.396726990536416385e-02,3.086254732967844139e-01,3.946367628228256846e-02,9.503646329102443113e-01
9.512709474315332869e-01,-5.372533617968482805e-02,-3.036398735757425138e-01,3.809943116848744232e-02,9.976378893729687114e-01,-5.715833300653484772e-02,3.059934932598252777e-01,4.280455512942625551e-02,9.510708449652010010e-01
9.522457356052196342e-01,-5.407754123330679730e-02,-3.005057046976539192e-01,3.763349310770033873e-02,9.974738126249738102e-01,-6.024710220343453687e-02,3.030045861339168978e-01,4.606096678922858706e-02,9.518753112252964499e-01
9.533157716057059083e-01,-5.439221914168135275e-02,-2.970362370227928595e-01,3.719967467807791528e-02,9.973052304356304631e-01,-6.323338951518389650e-02,2.996751971913302337e-01,4.923173613206335147e-02,9.527701781362387656e-01
9.544720565349537056e-01,-5.466872928929055603e-02,-2.932480576778473957e-01,3.679866181452404877e-02,9.971330857326824448e-01,-6.611707665860047656e-02,2.960218772026758649e-01,5.231576602816043892e-02,9.537474030592641983e-01
9.557055043246371895e-01,-5.490661559454080437e-02,-2.891578333152050040e-01,3.643086280580041386e-02,9.969582949831536922e-01,-6.889811535526571551e-02,2.920612628179496961e-01,5.531203872789251796e-02,9.547988254773611683e-01
9.570070116210801503e-01,-5.510560064523963020e-02,-2.847822896277378835e-01,3.609642228864140545e-02,9.967817458722106894e-01,-7.157652823312414536e-02,2.878100554290093926e-01,5.821961759986500617e-02,9.559162348869673087e-01
9.583675238523805540e-01,-5.526557919334448843e-02,-2.801381890808196107e-01,3.579523600460988997e-02,9.966042951663587335e-01,-7.415241017889619146e-02,2.832849983751895562e-01,6.103764913878283183e-02,9.570914350693875416e-01
9.597780971977463160e-01,-5.538661105888847275e-02,-2.752423068041768839e-01,3.552696622660034970e-02,9.964267667630288816e-01,-7.662593000355759354e-02,2.785028524274162920e-01,6.376536515685864159e-02,9.583163044612175163e-01
9.612299562068593595e-01,-5.546891349539279092e-02,-2.701114046577818284e-01,3.529105775798573041e-02,9.962499499288890448e-01,-7.899733229045584337e-02,2.734803695567231685e-01,6.640208507514515357e-02,9.595828523711704694e-01
9.627145468484167301e-01,-5.551285307148383363e-02,-2.647622035531346230e-01,3.508675440324049433e-02,9.960745977292672082e-01,-8.126693930452470738e-02,2.682342650592841604e-01,6.894721823498368984e-02,9.608832708220927943e-01
9.642235848019081734e-01,-5.551893712590091901e-02,-2.592113541729363368e-01,3.491311580500999767e-02,9.959014256508903484e-01,-8.343515285124049330e-02,2.627811881709631314e-01,7.140026615450507930e-02,9.622099818316803832e-01
9.657490988449577429e-01,-5.548780485512748439e-02,-2.534754062872992542e-01,3.476903453900864749e-02,9.957311104197437146e-01,-8.550245598513228629e-02,2.571376913588853119e-01,7.376082466067981902e-02,9.635556799832583064e-01
9.672834692298375447e-01,-5.542021809494002138e-02,-2.475707769123809132e-01,3.465325335562687015e-02,9.955642890152485158e-01,-8.746941447976995521e-02,2.513201985248327275e-01,7.602858583370032675e-02,9.649133701786740680e-01
9.688194609864911877e-01,-5.531705185858221130e-02,-2.415137175969920003e-01,3.456438245539963927e-02,9.954015578811793441e-01,-8.933667798389369197e-02,2.453449723946295735e-01,7.820333970743181817e-02,9.662764005083029906e-01
9.703502521348889021e-01,-5.517928469522136170e-02,-2.353202811537531969e-01,3.450091668503037223e-02,9.952434723328041910e-01,-9.110498080146679778e-02,2.392280813985898646e-01,8.028497567706395499e-02,9.676384902177480596e-01
9.718694568359503849e-01,-5.500798893283587176e-02,-2.290062881734034050e-01,3.446125254170824548e-02,9.950905461586733169e-01,-9.277514224667002263e-02,2.329853663701896282e-01,8.227348357276634272e-02,9.689937527962450003e-01
9.733711435567449222e-01,-5.480432086949378612e-02,-2.225872936738932939e-01,3.444370487588696572e-02,9.949432514143450312e-01,-9.434806653808186505e-02,2.266324074033924663e-01,8.416895436611465664e-02,9.703367142571992510e-01
9.748498483712352281e-01,-5.456951097603655182e-02,-2.160785542399248083e-01,3.444652318657649009e-02,9.948020184041309610e-01,-9.582474220901382456e-02,2.201844912134743038e-01,8.597158048392231078e-02,9.716623267257818997e-01
9.763005835615583550e-01,-5.430485417176137558e-02,-2.094949960040684844e-01,3.446790740873851427e-02,9.946672358457346874e-01,-9.720624102324118554e-02,2.136565793422322279e-01,8.768165571195357666e-02,9.729659774911900705e-01
9.777188417258161346e-01,-5.401170023246992802e-02,-2.028511838080475638e-01,3.450602309919970079e-02,9.945392512114467065e-01,-9.849371639679502244e-02,2.070632775366167966e-01,8.929957467856494691e-02,9.742434937211649215e-01
9.791005956357411444e-01,-5.369144438745605818e-02,-1.961612918629096758e-01,3.455901593567957397e-02,9.944183712384052631e-01,-9.968840133694083228e-02,2.004188066107927824e-01,9.082583191551980850e-02,9.754911430728417931e-01
9.804422941206930586e-01,-5.334551815858801921e-02,-1.894390762006198936e-01,3.462502545279389637e-02,9.943048625993416989e-01,-1.007916059188343344e-01,1.937369750763799914e-01,9.226102049997052246e-02,9.767056304662925514e-01
9.817408542826222551e-01,-5.297538049081967904e-02,-1.826978491780341662e-01,3.470219794921228229e-02,9.941989527242474090e-01,-1.018047143284780409e-01,1.870311537950844483e-01,9.360583028776689463e-02,9.778840913146185088e-01
9.829936503694639560e-01,-5.258250921893892205e-02,-1.759504562584486842e-01,3.478869851090597709e-02,9.941008307625206486e-01,-1.027291815074162784e-01,1.803142528732361582e-01,9.486104575381085202e-02,9.790240815267313712e-01
9.841984996516028872e-01,-5.216839291075729690e-02,-1.692092552570423070e-01,3.488272210692641706e-02,9.940106486744171299e-01,-1.035665294401418024e-01,1.735987009800044334e-01,9.602754346005973329e-02,9.801235646157486769e-01
9.853536456574688573e-01,-5.173452312187790114e-02,-1.624860981957751138e-01,3.498250372569156053e-02,9.939285224400365992e-01,-1.043183431293236568e-01,1.668964272314334696e-01,9.710628917591905551e-02,9.811808962570894854e-01
9.864577391299979015e-01,-5.128238709190176270e-02,-1.557923158717699763e-01,3.508632753123019921e-02,9.938545333736302778e-01,-1.049862663068591578e-01,1.602188457420170298e-01,9.809833467923835537e-02,9.821948066459401661e-01
9.875098170658315189e-01,-5.081346090665365273e-02,-1.491387052018897375e-01,3.519253503015910139e-02,9.937887295307253899e-01,-1.055719969303296896e-01,1.535768429053000761e-01,9.900481426877431879e-02,9.831643810039328857e-01
9.885092801940305041e-01,-5.032920314566196457e-02,-1.425355193662347086e-01,3.529953225093031971e-02,9.937311271954298864e-01,-1.060772825149930848e-01,1.469807674260313335e-01,9.982694102106313971e-02,9.840890385799609952e-01
9.894558692411946632e-01,-4.983104902881338449e-02,-1.359924607352930304e-01,3.540579594698209376e-02,9.936817124352789188e-01,-1.065039153508107045e-01,1.404404230893402383e-01,1.005660028259052347e-01,9.849685104804658531e-01
9.903496403157179273e-01,-4.932040507098276599e-02,-1.295186765303078802e-01,3.550987884473381234e-02,9.936404427111393822e-01,-1.068537276525418911e-01,1.339650642181038076e-01,1.012233582353670447e-01,9.858028166507712964e-01
9.911909397260774135e-01,-4.879864424852775606e-02,-1.231227571346620864e-01,3.561041396572481310e-02,9.936072485299582979e-01,-1.071285866886848431e-01,1.275633937386626005e-01,1.018004321613173863e-01,9.865922423117079454e-01
9.919803785271701368e-01,-4.826710167683762737e-02,-1.168127369459762838e-01,3.570611805948330914e-02,9.935820351285284957e-01,-1.073303899320863231e-01,1.212435637475832023e-01,1.022987114560553745e-01,9.873373141354562232e-01
9.927188070654313634e-01,-4.772707079385719864e-02,-1.105960976347040992e-01,3.579579419000603058e-02,9.935646841769341098e-01,-1.074610602715974916e-01,1.150131784487916364e-01,1.027197404096570066e-01,9.880387764218967472e-01
9.934072897684537162e-01,-4.717980004049751597e-02,-1.044797736551620060e-01,3.587833352381514240e-02,9.935550554909139409e-01,-1.075225413204160541e-01,1.088792993109759799e-01,1.030651161964384888e-01,9.886975675124144436e-01
9.940470803986742876e-01,-4.662649002530589587e-02,-9.847015983937391914e-02,3.595271637164091511e-02,9.935529887430265550e-01,-1.075167928525587319e-01,1.028484522799062023e-01,1.033364843011398831e-01,9.893147966526671944e-01
9.946395979640169083e-01,-4.606829115755496640e-02,-9.257312089263391996e-02,3.601801253867845110e-02,9.935583051631969864e-01,-1.074457863948110325e-01,9.692663686904171017e-02,1.035355339536069563e-01,9.898917214898802497e-01
9.951864034517022839e-01,-4.550630173026998931e-02,-8.679400260213290808e-02,3.607338104042321497e-02,9.935708092199754260e-01,-1.073115009972156197e-01,9.111933694434931619e-02,1.036639935985325667e-01,9.904297263642815041e-01
9.956891775252342258e-01,-4.494156643231254217e-02,-8.113764456608821285e-02,3.611806924201029639e-02,9.935902902745962217e-01,-1.071159192009902977e-01,8.543153301534611721e-02,1.037236264245218614e-01,9.909303015288181138e-01
9.961496992992379118e-01,-4.437507526676091191e-02,-7.560839425028936800e-02,3.615141147914355951e-02,9.936165242007141130e-01,-1.068610232187448827e-01,7.986771584378468680e-02,1.037162259743420745e-01,9.913950234066820633e-01
9.965698262827485943e-01,-4.380776285145967369e-02,-7.021012218136754579e-02,3.617282721820857389e-02,9.936492749634801003e-01,-1.065487913380138429e-01,7.443190118365858310e-02,1.036436118557253760e-01,9.918255359727766729e-01
9.969514755589252708e-01,-4.324050807633107729e-02,-6.494623809107497037e-02,3.618181881170207115e-02,9.936882961523847424e-01,-1.061811945555699160e-01,6.912764547096200696e-02,1.035076255696717878e-01,9.922235333232978238e-01
9.972966062482657712e-01,-4.267413409142444686e-02,-5.981970783311206519e-02,3.617796890337938304e-02,9.937333324630683862e-01,-1.057601934466414484e-01,6.395806228864253651e-02,1.033101264707000089e-01,9.925907434773357796e-01
9.976072032833220860e-01,-4.210940859927782970e-02,-5.483307090294845670e-02,3.616093753520688986e-02,9.937841211240174832e-01,-1.052877352702557417e-01,5.892583944080535124e-02,1.030529878712095199e-01,9.929289134359080560e-01
9.978852625057599290e-01,-4.154704442501976763e-02,-4.998845840147535247e-02,3.613045900547407624e-02,9.938403932647696948e-01,-1.047657513092030562e-01,5.403325648028586836e-02,1.027380932997759150e-01,9.932397955072391760e-01
9.981327770813992473e-01,-4.098770033784681494e-02,-4.528761129479704634e-02,3.608633852447124674e-02,9.939018752229169529e-01,-1.041961544408745999e-01,4.928220254484391022e-02,1.023673329211238214e-01,9.935251348923914705e-01
9.983517252156015598e-01,-4.043198209791276643e-02,-4.073189883452597859e-02,3.602844871096694268e-02,9.939682897878092671e-01,-1.035808369331844836e-01,4.467419436893317608e-02,1.019426001234606249e-01,9.937866585125578744e-01
9.985440591399830090e-01,-3.988044370336934347e-02,-3.632233701551296906e-02,3.595672596949826133e-02,9.940393573794428228e-01,-1.029216684581957253e-01,4.021039435022397829e-02,1.014657882770677588e-01,9.940260650483532245e-01
9.987116953318534440e-01,-3.933358881295970916e-02,-3.205960696059657888e-02,3.587116678500659045e-02,9.941147971615501566e-01,-1.022204943146524520e-01,3.589162856234251464e-02,1.009387876663013356e-01,9.942450161522561336e-01
9.988565059198981633e-01,-3.879187232068598973e-02,-2.794407313452349981e-02,3.577182396817588789e-02,9.941943280883900336e-01,-1.014791338495952544e-01,3.171840461753773488e-02,1.003634825956623844e-01,9.944451287878020018e-01
9.989803112233262006e-01,-3.825570205998754525e-02,-2.397580130138651788e-02,3.565880288139593179e-02,9.942776698851769623e-01,-1.006993790684361234e-01,2.769092929484041898e-02,9.974174866925236693e-02,9.946279686431442890e-01
9.990848733668500348e-01,-3.772544061615907413e-02,-2.015457615186788676e-02,3.553225767219662240e-02,9.943645439624846372e-01,-9.988299342228511291e-02,2.380912586092590738e-02,9.907545024170356929e-02,9.947950445620152848e-01
9.991718909103339819e-01,-3.720140722688736190e-02,-1.647991853762388256e-02,3.539238753786720648e-02,9.944546742653055382e-01,-9.903171076102021408e-02,2.007265102164756607e-02,9.836643803769778982e-02,9.949478039318138123e-01
9.992429944295665445e-01,-3.668387975204941837e-02,-1.295110226083651464e-02,3.523943304203343979e-02,9.945477880577578977e-01,-9.814723444039236133e-02,1.648091145263233873e-02,9.761654693625707035e-02,9.950876289663800334e-01
9.992997429832828349e-01,-3.617309669532026845e-02,-9.567170376628320386e-03,3.507367250133267694e-02,9.946436166446956939e-01,-9.723123657152803190e-02,1.303307986677303305e-02,9.682759391532043403e-02,9.952158338198582310e-01
9.993436214011220953e-01,-3.566925926129722174e-02,-6.326950975048189346e-03,3.489541845761105071e-02,9.947418960317152559e-01,-9.628535740130059195e-02,9.728110585232801338e-03,9.600137615148199299e-02,9.953336624677490141e-01
9.993760383275206438e-01,-3.517253343323599457e-02,-3.229072417531565244e-03,3.470501424877367458e-02,9.948423675252323628e-01,-9.531120481235735853e-02,6.564754586592170572e-03,9.513966926933586921e-02,9.954422872917038090e-01
9.993983249575304484e-01,-3.468305205780466277e-02,-2.719780101115545825e-04,3.450283068925976554e-02,9.949447782744829105e-01,-9.431035393194335537e-02,3.541574015977549603e-03,9.424422573450196017e-02,9.955428083056969690e-01
9.994117344020559957e-01,-3.420091692439417019e-02,2.546059898150963147e-03,3.428926286903391518e-02,9.950488817574220102e-01,-9.328434683912678604e-02,6.569561420488158419e-04,9.331677338418264966e-02,9.956362529627938995e-01
9.994174416219513413e-01,-3.372620082786698809e-02,5.226926396254995624e-03,3.406472707820654838e-02,9.951544382126041866e-01,-9.223469236053880027e-02,-2.090873243595712215e-03,9.235901408890373476e-02,9.957235764837572001e-01
9.994165438727173889e-01,-3.325894960469140405e-02,7.772651073191061931e-03,3.382965786281691423e-02,9.952612150192137186e-01,-9.116286594531343435e-02,-4.703836986730114585e-03,9.137262253909010645e-02,9.958056626510674025e-01
9.994100616040891838e-01,-3.279918413355280282e-02,1.018539565672148609e-02,3.358450521578239256e-02,9.953689870274656792e-01,-9.007030961048122231e-02,-7.183994287424531194e-03,9.035924515006839297e-02,9.958833250145261440e-01
9.993989397615611336e-01,-3.234690229262539296e-02,1.246744222119543395e-02,3.332973190573536304e-02,9.954775368416494130e-01,-8.895843194871604076e-02,-9.533528966720930184e-03,8.932049907918047926e-02,9.959573084573890567e-01
9.993840494397729923e-01,-3.190208086665375503e-02,1.462118195423529887e-02,3.306581094534750270e-02,9.955866550580987351e-01,-8.782860819091273252e-02,-1.175473827390080897e-02,8.825797134878984873e-02,9.960282910748612384e-01
9.993661898406451805e-01,-3.146467739794638757e-02,1.664910446945119110e-02,3.279322319972099303e-02,9.956961404603899002e-01,-8.668218031669940038e-02,-1.385002222253881206e-02,8.717321806912183002e-02,9.960968863197539047e-01
9.993460904921429577e-01,-3.103463197622769940e-02,1.855378765022722490e-02,3.251245513449290553e-02,9.958058001740601739e-01,-8.552045720661025086e-02,-1.582187344144823579e-02,8.606776375507949051e-02,9.961636453730895457e-01
9.993244136865380156e-01,-3.061186896323507892e-02,2.033788800822195625e-02,3.222399670266175992e-02,9.959154497831219643e-01,-8.434471483020566929e-02,-1.767286752522344295e-02,8.494310073136956962e-02,9.962290597004166415e-01
9.993017570999936927e-01,-3.019629864857668183e-02,2.200413153911618541e-02,3.192833936835178660e-02,9.960249134106290425e-01,-8.315619646501427875e-02,-1.940565386798700359e-02,8.380068862052782175e-02,9.962935637575308645e-01
9.992786565581954772e-01,-2.978781883411162415e-02,2.355530505754820439e-02,3.162597426522158889e-02,9.961340237655069707e-01,-8.195611294172183703e-02,-2.102294696334348553e-02,8.264195390869499835e-02,9.963575378121698467e-01
9.992555889155575466e-01,-2.938631634482078564e-02,2.499424799237585926e-02,3.131739048677165127e-02,9.962426221578296603e-01,-8.074564291149516349e-02,-2.252751815272446834e-02,8.146828958419186084e-02,9.964213108510399097e-01
9.992329750182711301e-01,-2.899166846476903397e-02,2.632384462354012480e-02,3.100307350547056029e-02,9.963505584846696905e-01,-7.952593313191107238e-02,-2.392218780441611806e-02,8.028105484431379002e-02,9.964851635442117939e-01
9.992111827240605093e-01,-2.860374429706358246e-02,2.754701674178827372e-02,3.068350371703943563e-02,9.964576911886019461e-01,-7.829809876827863169e-02,-2.520981790554203614e-02,7.908157486588700269e-02,9.965493312415097948e-01
