1.000000000000000000e+00,0.000000000000000000e+00,0.000000000000000000e+00,0.000000000000000000e+00,1.000000000000000000e+00,0.000000000000000000e+00,0.000000000000000000e+00,0.000000000000000000e+00,1.000000000000000000e+00
1.000000000000000000e+00,0.000000000000000000e+00,0.000000000000000000e+00,0.000000000000000000e+00,1.000000000000000000e+00,0.000000000000000000e+00,0.000000000000000000e+00,0.000000000000000000e+00,1.000000000000000000e+00
9.999151521886762151e-01,-2.164493689510680078e-04,1.302465251617731731e-02,3.863229648715434811e-04,9.999148831610353838e-01,-1.304136448458403756e-02,-1.302072110381357825e-02,1.304528967572731769e-02,9.998301261910509385e-01
9.996301302072116979e-01,-9.722541467722229346e-04,2.717825424464616335e-02,1.711307292337545249e-03,9.996290147636168744e-01,-2.718279363994490633e-02,-2.714174292973343949e-02,2.721924989037576709e-02,9.992609460126724574e-01
9.991970322616774425e-01,-2.562912310153913492e-03,3.998402430905387966e-02,4.160374957672219841e-03,9.991941928540204465e-01,-3.992062433146768147e-02,-3.984949183701248093e-02,4.005491789147815757e-02,9.984025348290330726e-01
9.986234802929380150e-01,-4.952936087849955406e-03,5.221698030075340446e-02,7.671999266127333371e-03,9.986175481635558571e-01,-5.200127812918069886e-02,-5.188723383338272876e-02,5.233030597959024283e-02,9.972809303507220724e-01
9.979346432045568260e-01,-8.200315222056718187e-03,6.371187269616841731e-02,1.223760969172656317e-02,9.979234055203740628e-01,-6.323857702108755252e-02,-6.306099270727368034e-02,6.388764782708757084e-02,9.959626898904874182e-01
9.971398489602454340e-01,-1.232382084909140751e-02,7.456705073434528874e-02,1.783589159779412625e-02,9.971200009918050888e-01,-7.371285229194672606e-02,-7.344387371626485972e-02,7.483199223448562531e-02,9.944878935169434442e-01
9.962469878002316870e-01,-1.734809893632700481e-02,8.479966251265773358e-02,2.444890892605075181e-02,9.962137726778018676e-01,-8.342883182321807201e-02,-8.303126008492774102e-02,8.518898162530490203e-02,9.928991123262990159e-01
9.949201553720604663e-01,-2.311323959038439832e-02,9.797786785837056533e-02,3.187009532059208866e-02,9.955416905916772974e-01,-8.877521792775966425e-02,-9.548916932663731316e-02,9.144681760182982178e-02,9.912211146317487787e-01
9.929629786182375684e-01,-2.980893724906304165e-02,1.146121736713790334e-01,4.014561582155638797e-02,9.952253588476293045e-01,-8.896524398277884382e-02,-1.114129822951747811e-01,9.294036995132302914e-02,9.894186348605963355e-01
9.901752135955927958e-01,-3.768905071423048203e-02,1.346572754706625852e-01,4.925869589304519847e-02,9.952772222915384770e-01,-8.364706609652244884e-02,-1.308687405755791788e-01,8.945829332096419395e-02,9.873553496569824617e-01
9.863295752511571646e-01,-4.703792910133065136e-02,1.579284718178773639e-01,5.910101436716239803e-02,9.956103487484575520e-01,-7.257481357707501468e-02,-1.538214519683271109e-01,8.091641793130069371e-02,9.847799217203418998e-01
9.811776070518718473e-01,-5.817042137459755430e-02,1.841377351252694028e-01,6.947935639098407057e-02,9.960346464110698683e-01,-5.556619641714916069e-02,-1.801752548366637730e-01,6.731407895734994873e-02,9.813285343444704267e-01
9.744580139227233540e-01,-7.142589748075589551e-02,2.129082437832085228e-01,8.012408643369411942e-02,9.962549836989788021e-01,-3.249828038702042010e-02,-2.097896800963944541e-01,4.872728828917152755e-02,9.765315875592742723e-01
9.671291305846416719e-01,-8.567982230011959854e-02,2.394164004933977963e-01,9.037968663395727631e-02,9.958693803477196571e-01,-8.699972976772151270e-03,-2.376820502657758793e-01,3.005237655275883740e-02,9.708780034818940141e-01
9.595530781221572880e-01,-1.003489388201644766e-01,2.630360825893666710e-01,9.995852132952175173e-02,9.948800116988634201e-01,1.490155480763807883e-02,-2.631846961354493142e-01,1.199386508746790037e-02,9.646709091293024230e-01
9.518572156118869643e-01,-1.152702862476790296e-01,2.840433104228370920e-01,1.088386946420050599e-01,9.933182879028463752e-01,3.837860688433859802e-02,-2.865693278008140665e-01,-5.616050759774313811e-03,9.580430472257774888e-01
9.442001755070881241e-01,-1.303225061648339844e-01,3.024930957217051297e-01,1.170863956127329436e-01,9.912114051835401174e-01,6.156887360095379680e-02,-3.078584163780526683e-01,-2.271551498400243771e-02,9.511609752529845974e-01
9.367062343100980293e-01,-1.454235824359641494e-01,3.184861257199223528e-01,1.247894668372633298e-01,9.885889052260312670e-01,8.437751732818585260e-02,-3.271223312020556384e-01,-3.929323269326527590e-02,9.441647220127669105e-01
9.294828806386976616e-01,-1.605015121996080374e-01,3.321157014975773536e-01,1.320425467214560167e-01,9.854834322742564989e-01,1.067106862889707214e-01,-3.444217479412427507e-01,-5.533235305488186373e-02,9.371830078754677107e-01
9.226195653036679545e-01,-1.754914197980196322e-01,3.434761990242499174e-01,1.389398587704118171e-01,9.819303374491190617e-01,1.284855168566375605e-01,-3.598178057902761684e-01,-7.082071712666088148e-02,9.303308941779460106e-01
9.161892996684120050e-01,-1.903335985832135813e-01,3.526617195322861442e-01,1.455726598778004921e-01,9.779673689354797528e-01,1.496276244331822824e-01,-3.733708181810771465e-01,-8.574932389109167497e-02,9.237106070534284452e-01
9.102496650302809300e-01,-2.049731906080477506e-01,3.597659495341631875e-01,1.520278495263260310e-01,9.736341860043669083e-01,1.700705877334900418e-01,-3.851403384231024685e-01,-1.001122518754367641e-01,9.174118250511964501e-01
9.048438295838016066e-01,-2.193601822219561348e-01,3.648818363794918973e-01,1.583871078357433348e-01,9.689718605139717722e-01,1.897552571169522362e-01,-3.951849796431396999e-01,-1.139062947674193693e-01,9.115120338628607266e-01
9.000015521124584694e-01,-2.334494946267286486e-01,3.681012627711166552e-01,1.647262685103028645e-01,9.640223801692318073e-01,2.086291134897541033e-01,-4.035622165885172086e-01,-1.271305785064084648e-01,9.060769025589323622e-01
8.957401912635410968e-01,-2.472010630093836037e-01,3.695147415221561316e-01,1.711148337489125093e-01,9.588281714411105439e-01,2.266456514517284360e-01,-4.103281898995451149e-01,-1.397861656170849565e-01,9.011606984749368499e-01
8.920657222375940609e-01,-2.605798720473205266e-01,3.692111556989055021e-01,1.776155961555194729e-01,9.534316505573692258e-01,2.437637949281428185e-01,-4.155375400743460679e-01,-1.518756662512211197e-01,8.968067432784549986e-01
8.889737573319322905e-01,-2.735559398367691797e-01,3.672775606474869003e-01,1.842843530631562143e-01,9.478748073688496589e-01,2.599473538460430611e-01,-4.192432897390731550e-01,-1.634028681984739939e-01,8.930479083863707146e-01
8.864505643548697966e-01,-2.861042519394869088e-01,3.637990571415481988e-01,1.911697052018764276e-01,9.421988245055822331e-01,2.751645306236376598e-01,-4.214967861893617607e-01,-1.743723949552961061e-01,8.899071452177432784e-01
8.844740763827443342e-01,-2.982046508482884550e-01,3.588587388086592611e-01,1.983129335630564594e-01,9.364437326433774356e-01,2.893874841359820871e-01,-4.223477105283108823e-01,-1.847893985200149691e-01,8.873980446260318899e-01
8.830148868450428123e-01,-3.098416872869128591e-01,3.525377120667164688e-01,2.057479488939273071e-01,9.306481015958808500e-01,3.025919571335711766e-01,-4.218441550335598755e-01,-1.946592916230355796e-01,8.855254197643566139e-01
8.820372249709225176e-01,-3.210044397603080135e-01,3.449151829359854982e-01,2.135013086208057131e-01,9.248487662033926249e-01,3.147569711209992072e-01,-4.200327665585115722e-01,-2.039875224278014931e-01,8.842859072217366112e-01
8.814999078637715257e-01,-3.316863082491890435e-01,3.360686021576341220e-01,2.215922964865052192e-01,9.190805855383885614e-01,3.258645906266120496e-01,-4.169589507061803868e-01,-2.127793932843043412e-01,8.836685822295393677e-01
8.813572666516735765e-01,-3.418847871802604965e-01,3.260738579141215787e-01,2.300330608412707312e-01,9.133762337385733510e-01,3.358997567155047048e-01,-4.126671291007886211e-01,-2.210399238514323683e-01,8.836555848425708959e-01
8.815600451335818821e-01,-3.516012219547638984e-01,3.150055039900001574e-01,2.388288082848647187e-01,9.077660207668742931e-01,3.448501875805004002e-01,-4.072010402212996594e-01,-2.287737578066851296e-01,8.842227550689361060e-01
8.820562700074121576e-01,-3.608405524773711792e-01,3.029370103312517548e-01,2.479780501242482560e-01,9.022777415403719914e-01,3.527063421280960953e-01,-4.006040728664490569e-01,-2.359851114130535055e-01,8.853402758229071967e-01
8.827920920790508497e-01,-3.696110463579519445e-01,2.899410225767862781e-01,2.574728997877440140e-01,8.969365521230441285e-01,3.594614406866417644e-01,-3.929196203265789555e-01,-2.426777613952412205e-01,8.869733232102368081e-01
8.837125978013760097e-01,-3.779240238034324850e-01,2.760896171886333406e-01,2.672994198336120508e-01,8.917648719968758186e-01,3.651115353272342268e-01,-3.841914426998055410e-01,-2.488550688746732908e-01,8.890827239642122848e-01
8.847625901032034612e-01,-3.857935757043507996e-01,2.614545392589737172e-01,2.774380174361108509e-01,8.867823117699733526e-01,3.696556208324469628e-01,-3.744640244869874013e-01,-2.545200355122420044e-01,8.916256198023113644e-01
8.858873367903856710e-01,-3.932362760669859125e-01,2.461074108989959042e-01,2.878638871733334992e-01,8.820056260085822331e-01,3.730957761093889324e-01,-3.637829146288983351e-01,-2.596753875017387969e-01,8.945561380650883798e-01
8.870332839088533872e-01,-4.002708897522817000e-01,2.301198993020648897e-01,2.985474995501007922e-01,8.774486911556230728e-01,3.754373248648393835e-01,-3.521950365213262213e-01,-2.643236826434609554e-01,8.978260672555352651e-01
8.881487304445639941e-01,-4.069180764519019777e-01,2.135638351088341991e-01,3.094551329639297355e-01,8.731225086898791732e-01,3.766890036905361505e-01,-3.397489562779933414e-01,-2.684674354102862814e-01,9.013855350693388280e-01
8.891844597037698028e-01,-4.132000919445882325e-01,1.965112735654084841e-01,3.205494457888390936e-01,8.690352337623851176e-01,3.768631253970395334e-01,-3.264950986244404274e-01,-2.721092547057900046e-01,9.051836852692808355e-01
8.900943217814414332e-01,-4.191404879084159596e-01,1.790344931244550741e-01,3.317900839653257217e-01,8.651922295033962484e-01,3.759757255318811886e-01,-3.124859013055111823e-01,-2.752519889171327616e-01,9.091693484067997488e-01
8.908357607979059400e-01,-4.247638118846673860e-01,1.612059285411768794e-01,3.431343180270998161e-01,8.615961470179908099e-01,3.740466805571600051e-01,-2.977759007638013378e-01,-2.778988728961668264e-01,9.132917000429529031e-01
8.913702801659283415e-01,-4.300953093591198262e-01,1.430980380864723123e-01,3.545377019708472743e-01,8.582470307849684454e-01,3.710997871597557229e-01,-2.824217440604478435e-01,-2.800536716703931339e-01,9.175008988909963970e-01
8.916638391256813678e-01,-4.351606303053722202e-01,1.247831071414787357e-01,3.659547449048337064e-01,8.551424487572923949e-01,3.671627936147934812e-01,-2.664821244986025905e-01,-2.817208159962846792e-01,9.217486963142930145e-01
8.916871742085572539e-01,-4.399855428808036595e-01,1.063329930352877040e-01,3.773395851224207731e-01,8.522776459578589314e-01,3.622673759810145500e-01,-2.500176410807793403e-01,-2.829055253196991471e-01,9.259890079757899795e-01
8.914160401830852898e-01,-4.445956572400233120e-01,8.781881841393544830e-02,3.886466552592357515e-01,8.496457198050610948e-01,3.564490541055598816e-01,-2.330905846663841596e-01,-2.836139142923903012e-01,9.301784382362514592e-01
8.908313663789777515e-01,-4.490161626003524864e-01,6.931062255540137995e-02,3.998313266128307175e-01,8.472378148270798270e-01,3.497470448567915891e-01,-2.157646563605526979e-01,-2.838530796920979982e-01,9.342767481934481921e-01
8.899193260211590850e-01,-4.532715807346057724e-01,5.087698175400455491e-02,4.108505206083655215e-01,8.450433338728848831e-01,3.422040525663525012e-01,-1.981046261193326607e-01,-2.836311653809427402e-01,9.382472590606207863e-01
8.886713182420914459e-01,-4.573855389645229974e-01,3.258461109168238334e-02,4.216632758244264756e-01,8.430501624409915129e-01,3.338659992111079333e-01,-1.801759416650209888e-01,-2.829574037807646159e-01,9.420571838751469196e-01
8.870838646580803122e-01,-4.613805654812707657e-01,1.449796052787094558e-02,4.322312599499081309e-01,8.412449023587496022e-01,3.247816992651109680e-01,-1.620442994535746806e-01,-2.818421332086473163e-01,9.456778822426796793e-01
8.851584246574758508e-01,-4.652779094365647738e-01,-3.321181752884455607e-03,4.425192174852696780e-01,8.396131107824641449e-01,3.150024862733918907e-01,-1.437751905375906913e-01,-2.802967912633564929e-01,9.490850348590192942e-01
8.829011357158693674e-01,-4.690973877482861321e-01,-2.081406638218240290e-02,4.524953458516171034e-01,8.381395403694957835e-01,3.045817999353143124e-01,-1.254334346745445417e-01,-2.783338852474569469e-01,9.522587367878554421e-01
8.803224869944836772e-01,-4.728572599752783323e-01,-3.792532901002913098e-02,4.621315947219515885e-01,8.368083765047165112e-01,2.935747437558046125e-01,-1.070827159330245137e-01,-2.759669413176376596e-01,9.551835107706763139e-01
8.774369360819677111e-01,-4.765741319700139700e-01,-5.460329601879528039e-02,4.714038857148100670e-01,8.356034676418321316e-01,2.820376240821845792e-01,-8.878513238187348000e-02,-2.732104346506060155e-01,9.578482440689443100e-01
8.742624799243947642e-01,-4.802628883500265067e-01,-7.080024202032909886e-02,4.802922519589556405e-01,8.345085451321705428e-01,2.700274815821216423e-01,-7.060077127512294493e-02,-2.700797033749074982e-01,9.602460543632966861e-01
8.708201917047561080e-01,-4.839366531761237211e-01,-8.647259353103749213e-02,4.887808993187592876e-01,8.335074293388070599e-01,2.576016259617908699e-01,-5.258731957836211557e-02,-2.665908493360296672e-01,9.623740919568947172e-01
8.671337356684222231e-01,-4.876067776114946795e-01,-1.015810754671419708e-01,4.968581931577708555e-01,8.325842193460538665e-01,2.448171840127187637e-01,-3.479971778221914447e-02,-2.627606289443996657e-01,9.642332868756510189e-01
8.632288716635234671e-01,-4.912828528054422605e-01,-1.160907992300272834e-01,5.045165763038901297e-01,8.317234641437831755e-01,2.317306700185930990e-01,-1.728986295843225329e-02,-2.586063373778980101e-01,9.658280503831246921e-01
8.591329605245801027e-01,-4.949727457916706652e-01,-1.299712932294050938e-01,5.117524253257459410e-01,8.309103137630549085e-01,2.183975861940744001e-01,-1.063648753190649110e-04,-2.541456893312091236e-01,9.671659409226927018e-01
8.548744804401922082e-01,-4.986826558534636633e-01,-1.431964784589605799e-01,5.185658532757631001e-01,8.301306494346445408e-01,2.048720593092068498e-01,1.670564301340743407e-02,-2.493966992968257579e-01,9.682573045793960720e-01
8.504825631958531362e-01,-5.024171885741164356e-01,-1.557445932451337611e-01,5.249604677090398130e-01,8.293711924108454481e-01,1.912065180419285637e-01,3.310463777958686654e-02,-2.443775640771731483e-01,9.691148998613058341e-01
8.459865577573647544e-01,-5.061794446669222181e-01,-1.675980724547003753e-01,5.309430930594954967e-01,8.286195916117576887e-01,1.774514139971267168e-01,4.905278815990590791e-02,-2.391065498765143627e-01,9.697535159925377846e-01
8.414156271456657565e-01,-5.099711206558420473e-01,-1.787433872681459535e-01,5.365234663828418737e-01,8.278644907149134147e-01,1.636549878062883434e-01,6.451598573691119665e-02,-2.336018859306607798e-01,9.701895930559311099e-01
8.367983830289831282e-01,-5.137926185443855154e-01,-1.891708521135936627e-01,5.417139151101841854e-01,8.270955756912738988e-01,1.498630803364074948e-01,7.946383036373114161e-02,-2.278816662244328439e-01,9.704408512952762411e-01
8.321625609904321763e-01,-5.176431617517412986e-01,-1.988744055365242736e-01,5.465290248547803875e-01,8.263036040964171214e-01,1.361189878325371749e-01,9.386957482128113761e-02,-2.219637604406003439e-01,9.705259357554232302e-01
8.275347380719760837e-01,-5.215209147957406977e-01,-2.078513716932359756e-01,5.509853045391259752e-01,8.254804176528459658e-01,1.224633588205457230e-01,1.077100341939993128e-01,-2.158657348962474409e-01,9.704640812681480933e-01
8.229400929874358672e-01,-5.254231044454918953e-01,-2.161022088473224245e-01,5.551008552199497847e-01,8.246189398112925284e-01,1.089341298151327853e-01,1.209654656830222164e-01,-2.096047838656396878e-01,9.702748016375194462e-01
8.184022083620325905e-01,-5.293461403368405760e-01,-2.236302507681773299e-01,5.588950480398283682e-01,8.237131600621647731e-01,9.556649630995285583e-02,1.336194245785612411e-01,-2.031976713717268401e-01,9.699776057850004740e-01
8.139429135045328501e-01,-5.332857333270631939e-01,-2.304414463276270308e-01,5.623882157734715337e-01,8.227581067912992374e-01,8.239291515857338766e-02,1.456586019254729192e-01,-1.966606832567533991e-01,9.695917426144384788e-01
8.095821655502384306e-01,-5.372370101492467409e-01,-2.365441019110066656e-01,5.656013615032378095e-01,8.217498104465474906e-01,6.944313426644233012e-02,1.570726490789223773e-01,-1.900095891184483410e-01,9.691359754721564634e-01
8.053379663197984817e-01,-5.411946232017926794e-01,-2.419486305424373984e-01,5.685558870819046318e-01,8.206852587133605104e-01,5.674424547998886681e-02,1.678539939006508941e-01,-1.832596135215131539e-01,9.686283863193075883e-01
8.012263119048730342e-01,-5.451528545668320458e-01,-2.466673109046870205e-01,5.712733432421790436e-01,8.195623452981866119e-01,4.432075665237980577e-02,1.779976528278354730e-01,-1.764254157624981778e-01,9.680862091057855778e-01
7.972611717976549883e-01,-5.491057135877038808e-01,-2.507140587385726649e-01,5.737752025049566162e-01,8.183798137971649567e-01,3.219467905902516358e-02,1.875010424883714610e-01,-1.695210773758119016e-01,9.675256913338881049e-01
7.934544943058136068e-01,-5.530470275467017638e-01,-2.541042124555656923e-01,5.760826554281531786e-01,8.171371979923675033e-01,2.038562660381638969e-02,1.963637939660805853e-01,-1.625600965149201493e-01,9.669619824172542843e-01
7.898162350156603395e-01,-5.569705251683558789e-01,-2.568543342039867339e-01,5.782164302256802557e-01,8.158347597755906122e-01,8.910923575906198879e-03,2.045875722588212098e-01,-1.555553883206575727e-01,9.664090471646316072e-01
7.863544051632235243e-01,-5.608699128303684667e-01,-2.589820271023604570e-01,5.801966353682312949e-01,8.144734257561146995e-01,-2.214281933810360870e-03,2.121759029385205386e-01,-1.485192903927085584e-01,9.658796025351553682e-01
7.830751369260237071e-01,-5.647389434947867048e-01,-2.605057688971232355e-01,5.820426244473224653e-01,8.130547234684347702e-01,-1.297690148457146531e-02,2.191340075268153054e-01,-1.414635725056429538e-01,9.653850757077085953e-01
7.799827628404818469e-01,-5.685714784776987329e-01,-2.614447619161890390e-01,5.837728823328751648e-01,8.115807179620848633e-01,-2.336578877149467909e-02,2.254686486509733800e-01,-1.343994497527084553e-01,9.649355814673192810e-01
7.770799067663157755e-01,-5.723615422588826940e-01,-2.618187988725927950e-01,5.854049314728434483e-01,8.100539494307409383e-01,-3.337162295924734484e-02,2.311879856465933469e-01,-1.273375983544997869e-01,9.645399169230782777e-01
7.743675840478363437e-01,-5.761033705958052975e-01,-2.616481438192702069e-01,5.869552570609192221e-01,8.084773724233127457e-01,-4.298679434484680567e-02,2.363014409276155692e-01,-1.202881734321718799e-01,9.642055716225064188e-01
7.718453087529733025e-01,-5.797914522518821112e-01,-2.609534273614377287e-01,5.884392497253470022e-01,8.068542970765646416e-01,-5.220529352234017095e-02,2.408195771499865578e-01,-1.132608281125319777e-01,9.639387512059909291e-01
7.695112060967161938e-01,-5.834205646794916600e-01,-2.597555550910133348e-01,5.898711643590628384e-01,8.051883327171864835e-01,-6.102260494112868305e-02,2.447539849507271159e-01,-1.062647334028593293e-01,9.637444128427197221e-01
7.673621283709682883e-01,-5.869858040164176449e-01,-2.580756281115623163e-01,5.912640937102716654e-01,8.034833341010144681e-01,-6.943560549810548488e-02,2.481171808459638473e-01,-9.930859834433888866e-02,9.636263107989185839e-01
7.653937729038652327e-01,-5.904826097625398562e-01,-2.559348744661549269e-01,5.926299553756954053e-01,8.017433504877419237e-01,-7.744246858211090156e-02,2.509225147159730440e-01,-9.240069002291068090e-02,9.635870506040969952e-01
7.636008007561445599e-01,-5.939067845038141780e-01,-2.533545902582289289e-01,5.939794908795628103e-01,7.999725776902641972e-01,-8.504257379718557774e-02,2.531840861883508653e-01,-8.554885308368864738e-02,9.636281503967365492e-01
7.619769550290569349e-01,-5.972545090444976168e-01,-2.503560892621997103e-01,5.953222755748013295e-01,7.981753131878783769e-01,-9.223642242559468296e-02,2.549166691471680957e-01,-7.876052846095230042e-02,9.637501081439445727e-01
7.605151778074252800e-01,-6.005223532989086843e-01,-2.469606598486508708e-01,5.966667381632445588e-01,7.963559143509653104e-01,-9.902555855874803359e-02,2.561356435449284041e-01,-7.204277109175119542e-02,9.639524735375946118e-01
7.592077248933181144e-01,-6.037072832796990252e-01,-2.431895280997047049e-01,5.980201886978626646e-01,7.945187597904955767e-01,-1.054124957049483585e-01,2.568569336655805446e-01,-6.540226644404904810e-02,9.642339234708025009e-01
7.580462776015153281e-01,-6.068066645053911135e-01,-2.390638260513879287e-01,5.993888539956835348e-01,7.926682138178486881e-01,-1.114006486002788870e-01,2.570969519854869323e-01,-5.884534573492898601e-02,9.645923400924916180e-01
7.570220509888345717e-01,-6.098182621333001485e-01,-2.346045640761915685e-01,6.007779194566220671e-01,7.908085939779447848e-01,-1.169942698767702099e-01,2.568725477937080504e-01,-5.237799976466832319e-02,9.650248905238774100e-01
7.561258979772251809e-01,-6.127402381077943216e-01,-2.298326065025126652e-01,6.021915763471931138e-01,7.889441416008073915e-01,-1.221983911933708644e-01,2.562009597652164516e-01,-4.600589133327245839e-02,9.655281073992685315e-01
7.553484089069865126e-01,-6.155711455979858693e-01,-2.247686496575253268e-01,6.036330736688954035e-01,7.870789953025482122e-01,-1.270187684028358799e-01,2.550997717261344055e-01,-3.973436624277203871e-02,9.660979694650845273e-01
7.546800061233793766e-01,-6.183099209838505139e-01,-2.194332016139774744e-01,6.051047737883836763e-01,7.852171673556729292e-01,-1.314618303099491237e-01,2.535868709064507120e-01,-3.356846292098357443e-02,9.667299815362082605e-01
7.541110332589930909e-01,-6.209558736357525532e-01,-2.138465630173023158e-01,6.066082110600696797e-01,7.833625228399421214e-01,-1.355346305722012756e-01,2.516804080407448740e-01,-2.751292073009158068e-02,9.674192531686269803e-01
7.536318389271778884e-01,-6.235086737196117168e-01,-2.080288084656805592e-01,6.081441527216989718e-01,7.815187614782117542e-01,-1.392448023014453418e-01,2.493987587492105806e-01,-2.157218704657629799e-02,9.681605754627589100e-01
7.532328545901472161e-01,-6.259683382484806380e-01,-2.019997680107920024e-01,6.097126613900243353e-01,7.796894020562861183e-01,-1.426005149422846785e-01,2.467604857076424740e-01,-1.575042321802544443e-02,9.689484954639133729e-01
7.529046664103333786e-01,-6.283352155910949532e-01,-1.957790084397114383e-01,6.113131585273759994e-01,7.778777693214493638e-01,-1.456104330285757920e-01,2.437843011943708060e-01,-1.005150951739373910e-02,9.697773876759521183e-01
7.526380809363890645e-01,-6.306099686389720071e-01,-1.893858140873914686e-01,6.129444882912654657e-01,7.760869832507071298e-01,-1.482836764521816286e-01,2.404890296827446594e-01,-4.479049226258469130e-03,9.706415222523094855e-01
7.524241845167791709e-01,-6.327935568256439769e-01,-1.828391670135545988e-01,6.146049812187268646e-01,7.743199505766344970e-01,-1.506297819162167317e-01,2.368935702280424438e-01,9.636280138362735004e-04,9.715351294758531875e-01
7.522543963749007689e-01,-6.348872171845187928e-01,-1.761577264565231671e-01,6.162925172355080417e-01,7.725793584559318417e-01,-1.526586652874366568e-01,2.330168584762797868e-01,6.273463438823942417e-03,9.724524601862688522e-01
7.521205153206017568e-01,-6.368924446254067284e-01,-1.693598075487383892e-01,6.180045875179940307e-01,7.708676701632347639e-01,-1.543805846077173083e-01,2.288778281978982865e-01,1.144766684436721027e-02,9.733878418612150751e-01
7.520147601140751981e-01,-6.388109716037284613e-01,-1.624633593437931622e-01,6.197383547734127696e-01,7.691871226903417291e-01,-1.558061035713839693e-01,2.244953723204862472e-01,1.648371457085891223e-02,9.743357301057129494e-01
7.519298035394661461e-01,-6.406447473506547974e-01,-1.554859422620434306e-01,6.214907115418130124e-01,7.675397261288243733e-01,-1.569460553226498800e-01,2.198883035005519404e-01,2.137934765386766134e-02,9.752907553532659257e-01
7.518588002870093545e-01,-6.423959168266311082e-01,-1.484447051108629956e-01,6.232583361618480033e-01,7.659272647119731436e-01,-1.578115064740213125e-01,2.150753143337095219e-01,2.613257000961062559e-02,9.762477646319857039e-01
7.517954087838034649e-01,-6.440667995548001734e-01,-1.413563618760421969e-01,6.250377460817300168e-01,7.643512993902803476e-01,-1.584137212916251480e-01,2.100749373548986554e-01,3.074164653408603676e-02,9.772018582993529101e-01
7.517338071540251576e-01,-6.456598684845306080e-01,-1.342371685125013092e-01,6.268253482369138263e-01,7.628131718132244998e-01,-1.587641260358270134e-01,2.049055050246009479e-01,3.520510100520781588e-02,9.781484216998084236e-01
7.516687035289277841e-01,-6.471777290284677076e-01,-1.271028999853903163e-01,6.286174862570761412e-01,7.613140095890849057e-01,-1.588742734844930393e-01,1.995851099330198664e-01,3.952171368938858093e-02,9.790831517496756398e-01
7.515953409647656569e-01,-6.486230984091456708e-01,-1.199688278269715885e-01,6.304104843066202779e-01,7.598547326939874003e-01,-1.587558077011410329e-01,1.941315654816350711e-01,4.369051856717717092e-02,9.800020785033983772e-01
7.515094972621789715e-01,-6.499987854431500400e-01,-1.128496984806651726e-01,6.322006874049871383e-01,7.584360609014009214e-01,-1.584204291403995268e-01,1.885623673202287964e-01,4.771080010643823782e-02,9.809015818030850653e-01
7.514074800129291187e-01,-6.513076708820862981e-01,-1.057597127018211625e-01,6.339844981151437908e-01,7.570585221040051493e-01,-1.578798602082883695e-01,1.828946558276345891e-01,5.158208952583758639e-02,9.817784031592056149e-01
7.512861172285647537e-01,-6.525526884201738875e-01,-9.871250627570250791e-02,6.357584095303056015e-01,7.557224614012427732e-01,-1.571458114145687368e-01,1.771451799263060178e-01,5.530416050579266274e-02,9.826296530532885320e-01
7.511427439300621955e-01,-6.537368064682079760e-01,-9.172113229766493125e-02,6.375190345297830907e-01,7.544280508280323261e-01,-1.562299482686624608e-01,1.713302625149161762e-01,5.887702431818894744e-02,9.834528138929723440e-01
7.509751850972690157e-01,-6.548630107829610525e-01,-8.479804523925091320e-02,6.392631313143010141e-01,7.531752996030718350e-01,-1.551438590794296246e-01,1.654657677900703561e-01,6.230092435990399607e-02,9.842457388851344469e-01
7.507817353916925729e-01,-6.559342880299520173e-01,-7.795508699807957020e-02,6.409876252687155551e-01,7.519640647789045396e-01,-1.538990238226351503e-01,1.595670707088738538e-01,6.557633008813035236e-02,9.850066471235416898e-01
7.505611360756059280e-01,-6.569536103459875376e-01,-7.120347509966286348e-02,6.426896272352770056e-01,7.507940621804443104e-01,-1.525067842384982275e-01,1.536490288191779685e-01,6.870393036762588446e-02,9.857341152131053885e-01
7.503125495544402668e-01,-6.579239209561387192e-01,-6.455379318689344337e-02,6.443664483129780685e-01,7.496648775239238560e-01,-1.509783153156720736e-01,1.477259566549964098e-01,7.168462625096706786e-02,9.864270657730480618e-01
7.500355319680716004e-01,-6.588481208879848339e-01,-5.801598389877950235e-02,6.460156113277217838e-01,7.485759776141869271e-01,-1.493245983079631856e-01,1.418116028618324753e-01,7.451952322268245998e-02,9.870847531759479043e-01
7.497300042499792649e-01,-6.597290568141918055e-01,-5.159934420496735397e-02,6.476348591436853486e-01,7.475267215248120323e-01,-1.475563954164811342e-01,1.359191301813865715e-01,7.720992294661946365e-02,9.877067468886260304e-01
7.493962220616925407e-01,-6.605695100429567201e-01,-4.531252322780462277e-02,6.492221600081242716e-01,7.465163716726603838e-01,-1.456842262534684962e-01,1.300610983885947813e-01,7.975731456295651056e-02,9.882929127842907668e-01
7.490347449937788671e-01,-6.613721866646655734e-01,-3.916352254973379937e-02,6.507757101397713129e-01,7.455441047059598869e-01,-1.437183461853958899e-01,1.242494502369376475e-01,8.216336558702767856e-02,9.888433927934348056e-01
7.486464054043833194e-01,-6.621397088524491048e-01,-3.315969897163904140e-02,6.522939337849059660e-01,7.446090221329018100e-01,-1.416687266325793448e-01,1.184955004314868221e-01,8.442991246636302738e-02,9.893585832540261471e-01
7.482322772425256119e-01,-6.628746073042628417e-01,-2.730776965780246784e-02,6.537754809750726537e-01,7.437101606257847664e-01,-1.395450373814204337e-01,1.128099276140039631e-01,8.655895085540726841e-02,9.898391123099421485e-01
7.477936451766072912e-01,-6.635793148048061418e-01,-2.161381957605890136e-02,6.552192232264510974e-01,7.428465019439099981e-01,-1.373566309437683486e-01,1.072027693112845848e-01,8.855262566903654431e-02,9.902858166908737880e-01
7.473319743195178111e-01,-6.642561608770951587e-01,-1.608331111786728135e-02,6.566242474232024673e-01,7.420169824266010794e-01,-1.351125289765321424e-01,1.016834197674545970e-01,9.041322097649200085e-02,9.906997181876310288e-01
7.468488808109905452e-01,-6.649073674858929639e-01,-1.072109576259450830e-02,6.579898481259458531e-01,7.412205020157633939e-01,-1.328214107540436895e-01,9.626063055354303066e-02,9.214314979682110274e-02,9.910820001144984293e-01
7.463461034860778831e-01,-6.655350457485197380e-01,-5.531427633501638519e-03,6.593155185422100439e-01,7.404559327752515685e-01,-1.304916036660947187e-01,9.094251382365531322e-02,9.374494385537854302e-02,9.914339840256567449e-01
7.458254768264146461e-01,-6.661411936028535097e-01,-5.179787798893289996e-04,6.606009403885503284e-01,7.397221268818600093e-01,-1.281310756964914033e-01,8.573654806681776930e-02,9.522124335852094612e-02,9.917571069263094730e-01
7.452889053588647172e-01,-6.667276943775807263e-01,4.316143989769732903e-03,6.618459728644273676e-01,7.390179240699330521e-01,-1.257474298206774366e-01,8.064958618694037518e-02,9.657478684067545560e-02,9.920528991916475192e-01
7.447383396347282414e-01,-6.672963162059682984e-01,8.968380904753547878e-03,6.630506409462629813e-01,7.383421585183373992e-01,-1.233479002465471125e-01,7.568786573063175649e-02,9.780840113419063397e-02,9.923229633787151727e-01
7.441757538923865489e-01,-6.678487122215834848e-01,1.343669984300119996e-02,6.642151231967730052e-01,7.376936651748033924e-01,-1.209393504102814487e-01,7.085702107338404110e-02,9.892499150840378119e-02,9.925689540881621475e-01
7.436031254774383425e-01,-6.683864214724185571e-01,1.771957593960257413e-02,6.653397392700305391e-01,7.370712855183748635e-01,-1.185282726288450217e-01,6.616209736905760697e-02,9.992753201988174849e-02,9.927925590052247840e-01
7.430224160673857270e-01,-6.689108704887679613e-01,2.181597037363866565e-02,6.664249372771985369e-01,7.364738727658939332e-01,-1.161207893027258742e-01,6.160756606510950362e-02,1.008190561112565775e-01,9.929954812225321170e-01
7.424355547229807284e-01,-6.694233754398716263e-01,2.572530850871580094e-02,6.674712811617574681e-01,7.359002965330631030e-01,-1.137226555565433728e-01,5.719734178667864460e-02,1.016026474912867517e-01,9.931794229218099401e-01
7.418444227656466605e-01,-6.699251448147205412e-01,2.944745755544424942e-02,6.684794382167458249e-01,7.353494469646779663e-01,-1.113392632011083877e-01,5.293480039565506140e-02,1.022814313241535294e-01,9.933460704675658448e-01
7.412508404600384182e-01,-6.704172825634402422e-01,3.298270391491388981e-02,6.694501668602086397e-01,7.348202383521011960e-01,-1.089756458985220583e-01,4.882279803662906842e-02,1.028585657512949697e-01,9.934970809436034500e-01
7.406565554628631309e-01,-6.709007916372498048e-01,3.633173035237949322e-02,6.703843047691133705e-01,7.343116122589755657e-01,-1.066364854112138300e-01,4.486369098858325466e-02,1.033372337646743105e-01,9.936340701429001721e-01
7.400632329835727941e-01,-6.713765778670887086e-01,3.949559313872357674e-02,6.712827574564906863e-01,7.338225401785831714e-01,-1.043261188172093235e-01,4.105935615073533912e-02,1.037206354460342705e-01,9.937586020031012879e-01
7.394724475893734716e-01,-6.718454541234702981e-01,4.247569928570047587e-02,6.721464873618031577e-01,7.333520257481360716e-01,-1.020485465761006016e-01,3.741121200082330595e-02,1.040119805826871247e-01,9.938721794636855567e-01
7.388856765761490086e-01,-6.723081447029382041e-01,4.527378398918573132e-02,6.729765035106605175e-01,7.328991065467281851e-01,-9.980744133366606374e-02,3.392023987492059911e-02,1.042144816668993113e-01,9.939762367067569437e-01
7.383042948181941512e-01,-6.727652898896719913e-01,4.789188838075372767e-02,6.737738517869044097e-01,7.324628555046437395e-01,-9.760615735813814309e-02,3.058700543118821058e-02,1.043313472818628157e-01,9.940721327313746247e-01
7.377295710030274956e-01,-6.732174506439589923e-01,5.033233767805778136e-02,6.745396058482855395e-01,7.320423819523270703e-01,-9.544774050548954225e-02,2.741168016975753519e-02,1.043657758751029840e-01,9.941611462012881484e-01
7.371626651527747320e-01,-6.736651133727981078e-01,5.259771981058973533e-02,6.752748587059386187e-01,7.316368323375335159e-01,-9.333493861772446110e-02,2.439406289515548554e-02,1.043209499166629362e-01,9.942444714978062592e-01
7.366046273305810743e-01,-6.741086947413776898e-01,5.469086458680294527e-02,6.759807149781216218e-01,7.312453906391029879e-01,-9.127021226409635923e-02,2.153360101895147524e-02,1.042000304373364022e-01,9.943232159031663020e-01
7.360563974290037503e-01,-6.745485464877154502e-01,5.661482345770348090e-02,6.766582838199628469e-01,7.308672785054197707e-01,-8.925574574168256003e-02,1.882941161213251904e-02,1.040061519401218187e-01,9.943983978350674491e-01
7.355188059372055331e-01,-6.749849602063161536e-01,5.837284992173288195e-02,6.773086725233335992e-01,7.305017551450165847e-01,-8.729345825850809426e-02,1.628030212824829043e-02,1.037424176763198369e-01,9.944709460498506459e-01
7.349925755848309983e-01,-6.754181720701948333e-01,5.996838060622360772e-02,6.779329807743388336e-01,7.301481169959602724e-01,-8.538501522909822117e-02,1.388479072929203056e-02,1.034118952761721444e-01,9.945416997299778572e-01
7.344783237625369665e-01,-6.758483674640178851e-01,6.140501705232040419e-02,6.785322955503207965e-01,7.298056971996702558e-01,-8.353183961888682729e-02,1.164112615626450645e-02,1.030176127228986382e-01,9.946114093708602333e-01
7.339765656221016732e-01,-6.762756855044432802e-01,6.268650822210256046e-02,6.791076866335673534e-01,7.294738649036934808e-01,-8.173512328046148023e-02,9.547307096189946302e-03,1.025625546579403968e-01,9.946807383825463367e-01
7.334877177627108225e-01,-6.767002234268937322e-01,6.381673374000298993e-02,6.796602027151144032e-01,7.291520244167284392e-01,-7.999583823072720090e-02,7.601101005768218233e-03,1.020496590047179908e-01,9.947502653231721226e-01
7.330121024142586261e-01,-6.771220408210406605e-01,6.479968787407211495e-02,6.801908680589930922e-01,7.288396142378672504e-01,-7.831474782408574808e-02,5.800062360157176578e-03,1.014818138975925182e-01,9.948204866832370818e-01
7.325499520332122705e-01,-6.775411637001311771e-01,6.563946425749060676e-02,6.807006796949970351e-01,7.285361059806664263e-01,-7.669241778230764806e-02,4.141550302392018462e-03,1.008618549026298883e-01,9.948918201426190100e-01
7.321014142315968032e-01,-6.779575883919877199e-01,6.634024134577849729e-02,6.811906051063953971e-01,7.282410032112333065e-01,-7.512922704699948051e-02,2.622745675612797589e-03,1.001925625164702127e-01,9.949646082255912960e-01
7.316665569649380974e-01,-6.783712852420179518e-01,6.690626860142097343e-02,6.816615803779842997e-01,7.279538402181080503e-01,-7.362537842549826683e-02,1.240667425866578966e-03,9.947665992986348682e-02,9.950391222829062521e-01
7.312453739103856876e-01,-6.787822021209038992e-01,6.734185339413079063e-02,6.821145087693404330e-01,7.276741807302959941e-01,-7.218090900545519328e-02,-7.811631622355041937e-06,9.871681104244008076e-02,9.951155667341304856e-01
7.308377899717015680e-01,-6.791902677317908088e-01,6.765134860220789470e-02,6.825502596780584907e-01,7.274016165983969717e-01,-7.079570031756024506e-02,-1.125949685364335817e-03,9.791561871559248398e-02,9.951940835077592862e-01
7.304436668532495736e-01,-6.795953947137536311e-01,6.783914089842502104e-02,6.829696679580965490e-01,7.271357664524124020e-01,-6.946948822951266866e-02,-2.117121438751347340e-03,9.707562325074374499e-02,9.952747566211520569e-01
7.300628086505049907e-01,-6.799974825401174927e-01,6.790963970187557930e-02,6.833735335589864457e-01,7.268762743484691313e-01,-6.820187255782460267e-02,-2.984804255003546680e-03,9.619930108057760110e-02,9.953576168469138175e-01
7.296949674098648364e-01,-6.803964202118067961e-01,6.786726677622029191e-02,6.837626214526254520e-01,7.266228084154114919e-01,-6.699232638693521091e-02,-3.732564929083449778e-03,9.528906366135876660e-02,9.954426464169553457e-01
7.293398486156559279e-01,-6.807920887473583038e-01,6.771644645358440573e-02,6.841376618155149414e-01,7.263750595109816910e-01,-6.584020508791209314e-02,-4.364047077240452988e-03,9.434725655485230733e-02,9.955297837200456357e-01
7.289971165671571551e-01,-6.811843634725026631e-01,6.746159646296540080e-02,6.844993504356845504e-01,7.261327398961265889e-01,-6.474475503135448951e-02,-4.882959133203586266e-03,9.337615868895846050e-02,9.956189279531590941e-01
7.286663996131594878e-01,-6.815731161133590232e-01,6.710711934154914293e-02,6.848483493150324675e-01,7.258955819348673622e-01,-6.370512199121455832e-02,-5.293062938472627155e-03,9.237798178660225346e-02,9.957099436913159352e-01
7.283472952160613412e-01,-6.819582166982645077e-01,6.665739440730075738e-02,6.851852874394239734e-01,7.256633368261106165e-01,-6.272035923803867541e-02,-5.598162913088601533e-03,9.135486995293459755e-02,9.958026653448367460e-01
7.280393748217229843e-01,-6.823395352741057351e-01,6.611677027133151807e-02,6.855107616905882217e-01,7.254357733728092894e-01,-6.178943532177153669e-02,-5.802095792388755474e-03,9.030889941147196565e-02,9.958969014770074901e-01
7.277421885152716152e-01,-6.827169434437418971e-01,6.548955786869785356e-02,6.858253378755823082e-01,7.252126767929659712e-01,-6.091124154558508891e-02,-5.908720914580899847e-03,8.924207838018863304e-02,9.959924389590203431e-01
7.274552694467519842e-01,-6.830903157316960961e-01,6.478002398676019347e-02,6.861295518513577107e-01,7.249938475761292800e-01,-6.008459913334979197e-02,-5.921911043622905824e-03,8.815634707910702250e-02,9.960890469427217120e-01
7.271781380139622497e-01,-6.834595307857799229e-01,6.399238527066100635e-02,6.864239107237327664e-01,7.247791003882594341e-01,-5.930826609438596270e-02,-5.845543711581385748e-03,8.705357786137910003e-02,9.961864806351513613e-01
7.269103057929825473e-01,-6.838244724226933968e-01,6.313080268599335909e-02,6.867088941018151260e-01,7.245682630271258473e-01,-5.858094378990397200e-02,-5.683493064543878454e-03,8.593557546021901583e-02,9.962844848620832083e-01
7.266512792098245299e-01,-6.841850305259301601e-01,6.219937641936404416e-02,6.869849553906465234e-01,7.243611754297587524e-01,-5.790128320624519931e-02,-5.439622196173155705e-03,8.480407734449123269e-02,9.963827974107706265e-01
7.264005629492863436e-01,-6.845411018045060025e-01,6.120214119810637315e-02,6.872525231065031992e-01,7.241576887328872170e-01,-5.726789094063305940e-02,-5.117775953003285416e-03,8.366075417611326670e-02,9.964811521448756482e-01
7.261576630995039139e-01,-6.848925904211529136e-01,6.014306201109154149e-02,6.875120022009149068e-01,7.239576643867771111e-01,-5.667933490551671505e-02,-4.721774195831515697e-03,8.250721036276348341e-02,9.965792818870951031e-01
7.259220900328631210e-01,-6.852394084986631606e-01,5.902603021313555798e-02,6.877637753810069698e-01,7.237609733224148467e-01,-5.613414975800852524e-02,-4.255405501664120266e-03,8.134498469969077272e-02,9.966769210673154245e-01
