1.000000000000000000e+00,0.000000000000000000e+00,0.000000000000000000e+00,0.000000000000000000e+00,1.000000000000000000e+00,0.000000000000000000e+00,0.000000000000000000e+00,0.000000000000000000e+00,1.000000000000000000e+00
1.000000000000000000e+00,0.000000000000000000e+00,0.000000000000000000e+00,0.000000000000000000e+00,1.000000000000000000e+00,0.000000000000000000e+00,0.000000000000000000e+00,0.000000000000000000e+00,1.000000000000000000e+00
9.999999587718226834e-01,-6.602557843272933253e-06,2.870762257403378136e-04,6.685100676635354408e-06,9.999999586411001395e-01,-2.875293159841574775e-04,-2.870743154382405333e-04,2.875312232633187980e-04,9.999999174570632920e-01
9.999996289337991229e-01,-1.955942341948811101e-05,8.612489146696320321e-04,2.030230895512533459e-05,9.999996277825335955e-01,-8.625674527329474416e-04,-8.612317227757072943e-04,8.625846180048726526e-04,9.999992571135722930e-01
9.999985156345827519e-01,-3.837349092339204632e-05,1.722572525779921459e-03,4.134503289363234855e-05,9.999985112314218050e-01,-1.725058123172726375e-03,-1.722503764765839643e-03,1.725126782373845617e-03,9.999970284547674559e-01
9.999958763448295596e-01,-6.229884386208207816e-05,2.871134303790466753e-03,7.055312363955886423e-05,9.999958649551052847e-01,-2.874907815473037951e-03,-2.870943328088107829e-03,2.875098527838081380e-03,9.999917457123643771e-01
9.999907205271998389e-01,-9.034085430425904087e-05,4.307052126580790570e-03,1.089129628708543004e-04,9.999906974242502855e-01,-4.311983641837824344e-03,-4.306622511616176908e-03,4.312412722711251797e-03,9.999814278770635667e-01
9.999818091889598470e-01,-1.212562857407043106e-04,6.030471630614471154e-03,1.576575361139119025e-04,9.999817700910855756e-01,-6.036110469537923212e-03,-6.029629779330077793e-03,6.036951417091842437e-03,9.999635987286294991e-01
9.999676543228945835e-01,-1.535534710582937834e-04,8.041562615532599212e-03,2.182665514369888453e-04,9.999675980085729332e-01,-8.047067333973163122e-03,-8.040066397768698414e-03,8.048562250271788093e-03,9.999352868951185691e-01
9.999465182437000665e-01,-1.854925340774198951e-04,1.034051472712338438e-02,2.924665569489781625e-04,9.999464505977616602e-01,-1.034458313570919136e-02,-1.033804215580109293e-02,1.034705414397422280e-02,9.998930259557402556e-01
9.999170683812067528e-01,-2.255444001439009180e-04,1.287654804894007403e-02,3.913825990275321279e-04,9.999169982474563900e-01,-1.287802141081315424e-02,-1.287257470727115778e-02,1.288199307249260003e-02,9.998341617862863684e-01
9.998785960831795272e-01,-2.861891467250927490e-04,1.557919094504663267e-02,5.288992582569341681e-04,9.998785276832080626e-01,-1.557723157800686327e-02,-1.557284047001514411e-02,1.558358026361515193e-02,9.997572898788300577e-01
9.998306647582873019e-01,-3.743877856642169582e-04,1.839841413783415217e-02,7.128300958846780361e-04,9.998305973640646549e-01,-1.839207568144578253e-02,-1.838841162949403016e-02,1.840207619817866430e-02,9.996615576830694128e-01
9.997730836192016968e-01,-4.941199464130062360e-04,2.129641087205279976e-02,9.475044946624367175e-04,9.997730121387798929e-01,-2.128441763787408333e-02,-2.128105978999463022e-02,2.129976629987774192e-02,9.995466154461155606e-01
9.997058436011813098e-01,-6.476148795629798737e-04,2.424472859444718603e-02,1.235125100629469062e-03,9.997057597337158930e-01,-2.422536730825390616e-02,-2.422190611071786681e-02,2.424818653429140075e-02,9.994124897729476098e-01
9.996290543338466339e-01,-8.360201653453496438e-04,2.722232175812030683e-02,1.576562144846506853e-03,9.996289480011422146e-01,-2.719339570434410602e-02,-2.718948663404536017e-02,2.722622611403827109e-02,9.992594580128648651e-01
9.995428912520769593e-01,-1.059779857768437285e-03,3.021399367994442864e-02,1.971837720920105019e-03,9.995427521482711519e-01,-3.017281034080422294e-02,-3.016820185959067507e-02,3.021859517768577322e-02,9.990879421262404136e-01
9.994475564989966365e-01,-1.318859445463220047e-03,3.320907132017185404e-02,2.420429740146766342e-03,9.994473756911486095e-01,-3.315244702807278177e-02,-3.314699576218274601e-02,3.321451239803575872e-02,9.988984296904779292e-01
9.993432534039961013e-01,-1.612889096534671045e-03,3.620028266020466207e-02,2.921467245254683390e-03,9.993430249585555369e-01,-3.612455530271271864e-02,-3.611823507663877025e-02,3.620658856404625203e-02,9.986914218313394098e-01
9.992301721686634997e-01,-1.941261790862797241e-03,3.918283464021788537e-02,3.473858289885219369e-03,9.992298947904251216e-01,-3.908387987006867875e-02,-3.907678769250510359e-02,3.918990762652421050e-02,9.984674034758768135e-01
9.991084836539175784e-01,-2.303204534613230089e-03,4.215368476943917586e-02,4.076374715819042725e-03,9.991081623231637954e-01,-4.202693360699295833e-02,-4.201929390108480322e-02,4.216130012347935052e-02,9.982268297896786935e-01
9.989783383273550532e-01,-2.697831640023237894e-03,4.511098820861927927e-02,4.727708649354292296e-03,9.989779859181270316e-01,-4.495144515906999982e-02,-4.494361271240795985e-02,4.511879159955579921e-02,9.979701229600775880e-01
9.988398680335880409e-01,-3.124184812982719675e-03,4.805369388401871389e-02,5.426510109990996186e-03,9.988395068954595279e-01,-4.785595524970025216e-02,-4.784841705501671760e-02,4.806119988191592807e-02,9.976976746746680780e-01
9.986931889616377234e-01,-3.581263004340752912e-03,5.098126005630430890e-02,6.171411927500583192e-03,9.986928524492741932e-01,-5.073953233479255864e-02,-5.073290841708065491e-02,5.098785171024659835e-02,9.974098510549802565e-01
9.985384048155868664e-01,-4.068044244403226650e-03,5.389346086835345578e-02,6.961046169760943397e-03,9.985381387536570452e-01,-5.360157918013989942e-02,-5.359662251080401368e-02,5.389839023948607422e-02,9.971069980624077678e-01
9.983756096718195971e-01,-4.583501307681155101e-03,5.679025909594887650e-02,7.794054960795909759e-03,9.983754737463489404e-01,-5.644170558214189892e-02,-5.643930119775236037e-02,5.679264862211992615e-02,9.967894463440077901e-01
9.982048903219096214e-01,-5.126612762346553082e-03,5.967172512177956051e-02,8.669097646159194467e-03,9.982049593922059927e-01,-5.925964723828487657e-02,-5.926081068822489778e-02,5.967056968380268778e-02,9.964575151155139476e-01
9.980263280826130456e-01,-5.696370671120732851e-03,6.253798697682660945e-02,9.584855610981251467e-03,9.980266934101750254e-01,-6.205521560408323173e-02,-6.206109084485366550e-02,6.253215654309236815e-02,9.961115150429781240e-01
9.978400001420850707e-01,-6.291785926636986152e-03,6.538920053263157228e-02,1.054003559726027564e-02,9.978407705344627399e-01,-6.482826782197755044e-02,-6.484012466098303118e-02,6.537744327398355149e-02,9.957517502595236714e-01
9.976459805401620695e-01,-6.911891949188628606e-03,6.822553233021895480e-02,1.153337205456373381e-02,9.976472834087233288e-01,-6.757868921668964968e-02,-6.759792039042337997e-02,6.820647811518827652e-02,9.953785197109752403e-01
9.974443408776297870e-01,-7.555747262461455158e-03,7.104715008004371113e-02,1.256362885199209349e-02,9.974463232088021103e-01,-7.030638340372122319e-02,-7.033450135786732671e-02,7.101931427821209231e-02,9.949921180181241498e-01
9.972351508329782011e-01,-8.222437298835864883e-03,7.385421767234448542e-02,1.362960054832263249e-02,9.972379800729391786e-01,-7.301126686298181623e-02,-7.304990028754654308e-02,7.381600520829542655e-02,9.945928360103286625e-01
9.970184785456576160e-01,-8.911075666120890290e-03,7.664689275485891962e-02,1.473011333669133234e-02,9.970223433987507322e-01,-7.569326604627257815e-02,-7.574415620752800171e-02,7.659660236679066703e-02,9.941809610459623192e-01
9.967943909074148401e-01,-9.620805026771043350e-03,7.942532572267306523e-02,1.586402573447858941e-02,9.967995020488433777e-01,-7.835231587307506240e-02,-7.841731277601686478e-02,7.936115438812105238e-02,9.937567772001221211e-01
9.965629537896649737e-01,-1.035079768547908334e-02,8.218965945477853252e-02,1.703022906130524303e-02,9.965695444932824998e-01,-8.098835895714283362e-02,-8.106941736646229579e-02,8.210970695189347135e-02,9.933205653725973860e-01
9.963242322251165684e-01,-1.110025594765544528e-02,8.494002942622960739e-02,1.822764773427537968e-02,9.963325589074211175e-01,-8.360134519889984850e-02,-8.370052054263091290e-02,8.484230300320112772e-02,9.928726033494960079e-01
9.960782905553430266e-01,-1.186841229028331654e-02,8.767656399547867074e-02,1.945523940170173702e-02,9.960886332370509910e-01,-8.619123154802910136e-02,-8.631067572535790211e-02,8.755898312367124681e-02,9.924131658387954635e-01
9.958251925518195602e-01,-1.265452937431780361e-02,9.039938476254152921e-02,2.071199493259376356e-02,9.958378552386808469e-01,-8.875798183564304056e-02,-8.889993894848133293e-02,9.025978595110148439e-02,9.919425244917254858e-01
9.955650015153870713e-01,-1.345789992027597234e-02,9.310860694588431186e-02,2.199693827675740579e-02,9.955803125001611020e-01,-9.130156662692277825e-02,-9.146836865340861322e-02,9.294474859731306771e-02,9.914609479167934003e-01
9.952977803575773219e-01,-1.427784646479953422e-02,9.580433975351733411e-02,2.330912620949159020e-02,9.953160924453319236e-01,-9.382196307211583541e-02,-9.401602549900607564e-02,9.561390704119922257e-02,9.909687016902637424e-01
9.950235916663289215e-01,-1.511372101299820851e-02,9.848668673775255733e-02,2.464764797359949439e-02,9.950452823254415380e-01,-9.631915474739216609e-02,-9.654297217720440860e-02,9.826729648781337700e-02,9.904660483651966940e-01
9.947424977580908712e-01,-1.596490459991653857e-02,1.011557461299644051e-01,2.601162483092016656e-02,9.947679691995173767e-01,-9.879313148353738305e-02,-9.904927323130495453e-02,1.009049516911019184e-01,9.899532474801860937e-01
9.944545607179848812e-01,-1.683080677321195651e-02,1.038116111548343240e-01,2.740020953485787503e-02,9.944842399055195958e-01,-1.012438891834308574e-01,-1.015349948768679705e-01,1.035269072410827107e-01,9.894305555684292930e-01
9.941598424294759706e-01,-1.771086500814195511e-02,1.064543703248616024e-01,2.881258573466660353e-02,9.941941810238579258e-01,-1.036714296302656546e-01,-1.040002048261535195e-01,1.061331978174784307e-01,9.888982261674625907e-01
9.938584045948535284e-01,-1.860454406511261732e-02,1.090841077164845241e-01,3.024796732157423312e-02,9.938978788346708448e-01,-1.060757602888365153e-01,-1.064449721174527408e-01,1.087238584123604995e-01,9.883565098297495410e-01
9.935503087476955653e-01,-1.951133529930493271e-02,1.117009032291001736e-01,3.170559772616012711e-02,9.935954192701170751e-01,-1.084568941020684213e-01,-1.088693669504219030e-01,1.112989245243567876e-01,9.878056541342208341e-01
9.932356162583871884e-01,-2.043075593092364209e-02,1.143048328283302467e-01,3.318474917549561753e-02,9.932868878627935105e-01,-1.108148492847673833e-01,-1.112734605284698558e-01,1.138584323268913429e-01,9.872459036988107117e-01
9.929143883336640775e-01,-2.136234828422676688e-02,1.168959687746716630e-01,3.468472191818882527e-02,9.929723696912814423e-01,-1.131496491162871237e-01,-1.136573249088835974e-01,1.164024188127737308e-01,9.866775001940056855e-01
9.925866860110649226e-01,-2.230567900242966251e-02,1.194743798385739658e-01,3.620484342443323206e-02,9.926519493237070391e-01,-1.154613217335419828e-01,-1.160210328612168301e-01,1.189309219172406396e-01,9.861006823574006708e-01
9.922525701490947370e-01,-2.326033824513269732e-02,1.220401315028701861e-01,3.774446756773275347e-02,9.923257107601006766e-01,-1.177498999256024192e-01,-1.183646577342417627e-01,1.214439806214496209e-01,9.855156860092448845e-01
9.919121014138161385e-01,-2.422593887412718625e-02,1.245932861533644576e-01,3.930297379418182940e-02,9.919937373742464537e-01,-1.200154209308475495e-01,-1.206882733315916001e-01,1.239416350381973841e-01,9.849227440689434232e-01
9.915653402625179691e-01,-2.520211563295134821e-02,1.271339032583374828e-01,4.087976628471381296e-02,9.916561118556208587e-01,-1.222579262375227266e-01,-1.229919537961087078e-01,1.264239264815633090e-01,9.843220865724795487e-01
9.912123469250367913e-01,-2.618852432477353220e-02,1.296620395376063828e-01,4.247427311493140456e-02,9.913129161519419474e-01,-1.244774613883632558e-01,-1.252757735027777708e-01,1.288908975219894837e-01,9.837139406907157158e-01
9.908531813832439639e-01,-2.718484099290315731e-02,1.321777491217586975e-01,4.408594541686323282e-02,9.909642314127680152e-01,-1.266740757898117964e-01,-1.275398069600443274e-01,1.313425920282228765e-01,9.830985307485218261e-01
9.904879033491537088e-01,-2.819076110746010499e-02,1.346810837021281682e-01,4.571425654622937595e-02,9.906101379345256808e-01,-1.288478225262864874e-01,-1.297841287192816329e-01,1.337790551974486208e-01,9.824760782446843033e-01
9.901165722420434134e-01,-2.920599876139634218e-02,1.371720926719991462e-01,4.735870125844850176e-02,9.902507151072729163e-01,-1.309987581797912304e-01,-1.320088132920648194e-01,1.362003335747886679e-01,9.818468018725411417e-01
9.897392471649417711e-01,-3.023028587864192915e-02,1.396508232595501386e-01,4.901879489621370489e-02,9.898860413634587019e-01,-1.331269426551363877e-01,-1.342139350749297355e-01,1.386064750633123344e-01,9.812109175412928597e-01
9.893559868807761948e-01,-3.126337143667287655e-02,1.421173206529662281e-01,5.069407259097848117e-02,9.895161941288759255e-01,-1.352324390109315988e-01,-1.363995682812302879e-01,1.409975289255714637e-01,9.805686383979330678e-01
9.889668497884486209e-01,-3.230502070545450410e-02,1.445716281181478324e-01,5.238408848035354393e-02,9.891412497759749511e-01,-1.373153132964586853e-01,-1.385657868797141590e-01,1.433735457776024735e-01,9.799201748497493591e-01
9.885718938990528670e-01,-3.335501450439887910e-02,1.470137871094102100e-01,5.408841494309996750e-02,9.887612835796493194e-01,-1.393756343944924925e-01,-1.407126645394176645e-01,1.457345775762757534e-01,9.792657345873396757e-01
9.881711768124253892e-01,-3.441314847864639787e-02,1.494438373735537673e-01,5.580664185307291497e-02,9.883763696755804018e-01,-1.414134738700789373e-01,-1.428402745804886464e-01,1.480806776007838332e-01,9.786055226080955238e-01
9.877647556941823170e-01,-3.547923239579135052e-02,1.518618170476633278e-01,5.753837585327719467e-02,9.879865810211915234e-01,-1.434289058252337934e-01,-1.449486899305390541e-01,1.504119004289960204e-01,9.779397412401024114e-01
9.873526872533772147e-01,-3.655308946377702761e-02,1.542677627509642657e-01,5.928323965080263547e-02,9.875919893592378651e-01,-1.454220067595293764e-01,-1.470379830861406334e-01,1.527283019093587102e-01,9.772685901664105446e-01
9.869350277208808198e-01,-3.763455567061797097e-02,1.566617096710595791e-01,6.104087133333391951e-02,9.871926651840317035e-01,-1.473928554364683507e-01,-1.491082260790851932e-01,1.550299391289419182e-01,9.765922664496298200e-01
9.865118328285666927e-01,-3.872347914632591481e-02,1.590436916448629556e-01,6.281092370765040123e-02,9.867886777102861107e-01,-1.493415327555485672e-01,-1.511594904470569822e-01,1.573168703781921973e-01,9.759109645568069258e-01
9.860831577893705013e-01,-3.981971954730685603e-02,1.614137412344980038e-01,6.459306366041592251e-02,9.863800948445398120e-01,-1.512681216298999709e-01,-1.531918472083456384e-01,1.595891551129041408e-01,9.752248763845414725e-01
9.856490572782683479e-01,-4.092314746325530217e-02,1.637718897984683231e-01,6.638697154132090772e-02,9.859669831591153510e-01,-1.531727068693528593e-01,-1.552053668403024222e-01,1.618468539138574469e-01,9.745341912843046295e-01
9.852095854142107756e-01,-4.203364384659848824e-02,1.661181675583275064e-01,6.819234056865525195e-02,9.855494078685477222e-01,-1.550553750687922450e-01,-1.572001192611754694e-01,1.640900284445481194e-01,9.738390960879214076e-01
9.847647957430324395e-01,-4.315109946422818893e-02,1.684526036611251054e-01,7.000887625708293593e-02,9.851274328084128618e-01,-1.569162145016463061e-01,-1.591761738150665184e-01,1.663187414073787063e-01,9.731397751331828383e-01
9.843147412213499869e-01,-4.427541437136950364e-02,1.707752262378530728e-01,7.183629586749197549e-02,9.847011204164766163e-01,-1.587553150183443895e-01,-1.611335992596966693e-01,1.685330564986559088e-01,9.724364102895552975e-01
9.838594742014500349e-01,-4.540649740717279254e-02,1.730860624581271046e-01,7.367432787853195331e-02,9.842705317160814760e-01,-1.605727679495770055e-01,-1.630724637567386448e-01,1.707330383626864123e-01,9.717291809839573302e-01
9.833990464171584733e-01,-4.654426571168584353e-02,1.753851385813048058e-01,7.552271147951761243e-02,9.838357263016792587e-01,-1.623686660141940852e-01,-1.649928348644420228e-01,1.729187525452556273e-01,9.710182642265734465e-01
9.829335089706834339e-01,-4.768864426373625037e-02,1.776724800042654151e-01,7.738119608425209073e-02,9.833967623264188163e-01,-1.641431032315624206e-01,-1.668947795323443006e-01,1.750902654467222097e-01,9.703038346366803513e-01
9.824629123204120518e-01,-4.883956543917888915e-02,1.799481113060270032e-01,7.924954086524427233e-02,9.829536964916967268e-01,-1.658961748382325740e-01,-1.687783640978371968e-01,1.772476442749567893e-01,9.695860644684597407e-01
9.819873062696378163e-01,-4.999696858902946683e-02,1.822120562893908557e-01,8.112751430785544726e-02,9.825065840385716065e-01,-1.676279772087163888e-01,-1.706436542843866033e-01,1.793909569982969632e-01,9.688651236367764596e-01
9.815067399561943073e-01,-5.116079963685335463e-02,1.844643380197950322e-01,8.301489378376758488e-02,9.820554787409516706e-01,-1.693386077802391809e-01,-1.724907152012340739e-01,1.815202722987094841e-01,9.681411797428973731e-01
9.810212618429676734e-01,-5.233101069486047890e-02,1.867049788615360584e-01,8.491146514323347216e-02,9.816004329004583973e-01,-1.710281649812763483e-01,-1.743196113443971351e-01,1.836356595252883472e-01,9.674143981001375181e-01
9.805309197092533235e-01,-5.350755969805842671e-02,1.889340005115130450e-01,8.681702232547769404e-02,9.811414973428702613e-01,-1.726967481637329271e-01,-1.761304065988130718e-01,1.857371886482321877e-01,9.666849417594067795e-01
9.800357606429310753e-01,-5.469041005588669985e-02,1.911514240306637080e-01,8.873136698668587785e-02,9.806787214160641586e-01,-1.743444575385977857e-01,-1.779231642414941250e-01,1.878249302134112897e-01,9.659529715346506507e-01
9.795358310334194574e-01,-5.587953032063801284e-02,1.933572698731895467e-01,9.065430814489221223e-02,9.802121529893526031e-01,-1.759713941149215477e-01,-1.796979469455326772e-01,1.898989552976082240e-01,9.652186460281615421e-01
9.790311765653765264e-01,-5.707489387212084930e-02,1.955515579137654947e-01,9.258566184124154830e-02,9.797418384541405345e-01,-1.775776596419726405e-01,-1.814548167848787363e-01,1.919593354645383054e-01,9.644821216557510901e-01
9.785218422131164440e-01,-5.827647861787200317e-02,1.977343074728041272e-01,9.452525081693302633e-02,9.792678227258103663e-01,-1.791633565544205331e-01,-1.831938352397389780e-01,1.940061427216963896e-01,9.637435526717695877e-01
9.780078722357015142e-01,-5.948426670833380225e-02,1.999055373399346025e-01,9.647290420527755705e-02,9.787901492467587783e-01,-1.807285879204145740e-01,-1.849150632025295948e-01,1.960394494781075858e-01,9.630030911939615468e-01
9.774893101726809252e-01,-6.069824426636462322e-02,2.020652657957748288e-01,9.842845723823719084e-02,9.783088599905020999e-01,-1.822734573924165991e-01,-1.866185609842624937e-01,1.980593285030153028e-01,9.622608872281455117e-01
9.769661988404396702e-01,-6.191840113050323113e-02,2.042135106321435467e-01,1.003917509668832975e-01,9.778239954667788947e-01,-1.837980691606635186e-01,-1.883043883213181835e-01,2.000658528855608076e-01,9.615170886927113525e-01
9.764385803291245614e-01,-6.314473061137895749e-02,2.063502891707691134e-01,1.023626319951620733e-01,9.773355947275778055e-01,-1.853025279091321531e-01,-1.899726043824916111e-01,2.020590959954737253e-01,9.607718414429230469e-01
9.759064960001158084e-01,-6.437722926068975560e-02,2.084756182806341007e-01,1.043409522264030498e-01,9.768436953740193829e-01,-1.867869387738814169e-01,-1.916232677762894632e-01,2.040391314447962401e-01,9.600252892950216221e-01
9.753699864840131850e-01,-6.561589665220451950e-02,2.105895143940049730e-01,1.063265686220262185e-01,9.763483335640273930e-01,-1.882514073036699598e-01,-1.932564365583748223e-01,2.060060330506703896e-01,9.592775740501205961e-01
9.748290916791055860e-01,-6.686073517422695678e-02,2.126919935212702450e-01,1.083193429718950079e-01,9.758495440207304306e-01,-1.896960394227290847e-01,-1.948721682391489074e-01,2.079598747991893426e-01,9.585288355178880337e-01
9.742838507502928902e-01,-6.811174983300874453e-02,2.147830712646293938e-01,1.103191416757987042e-01,9.753473600415301092e-01,-1.911209413955807512e-01,-1.964705197913831636e-01,2.099007308103132685e-01,9.577792115400085571e-01
9.737343021284359246e-01,-6.936894806658208679e-02,2.168627628307441546e-01,1.123258355355475357e-01,9.748418135077838720e-01,-1.925262197938144293e-01,-1.980515476578985912e-01,2.118286753038663706e-01,9.570288380134215345e-01
9.731804835101046658e-01,-7.063233956852768558e-02,2.189310830423925602e-01,1.143392995571916593e-01,9.743329348950476865e-01,-1.939119814647190798e-01,-1.996153077592236480e-01,2.137437825666022861e-01,9.562778489133328952e-01
9.726224318576974781e-01,-7.190193612120077127e-02,2.209880463492118197e-01,1.163594127628918562e-01,9.738207532838296654e-01,-1.952783335016701760e-01,-2.011618555012196774e-01,2.156461269203259201e-01,9.555263763159909107e-01
9.720601833999091834e-01,-7.317775143795918202e-02,2.230336668375872133e-01,1.183860580119899253e-01,9.733052963708068717e-01,-1.966253832162009885e-01,-2.026912457826369474e-01,2.175357826910790937e-01,9.547745504212303835e-01
9.714929400850954577e-01,-7.446014249388775708e-02,2.250714432010574306e-01,1.204193758958447963e-01,9.727874055351765081e-01,-1.979490781514151032e-01,-2.042073487259264408e-01,2.194090946427010302e-01,9.540225405693504301e-01
9.709193719896430652e-01,-7.574972411651746673e-02,2.271069184140127317e-01,1.224596909197449152e-01,9.722684445284907051e-01,-1.992428063293373852e-01,-2.057163026964029806e-01,2.212601434294499958e-01,9.532705553695138834e-01
9.703386678267605925e-01,-7.704694616960983122e-02,2.291432691704574087e-01,1.245071936185892236e-01,9.717492732295328617e-01,-2.005026401698927763e-01,-2.072216891577968734e-01,2.230854501392047218e-01,9.525187942916283346e-01
9.697503195030352519e-01,-7.835215472780947266e-02,2.311823039795010970e-01,1.265619936750529417e-01,9.712304509336817659e-01,-2.017262326425421359e-01,-2.087256083492317893e-01,2.248829718512866394e-01,9.517674450151025756e-01
9.691539993513069717e-01,-7.966563035324671083e-02,2.332250262767416871e-01,1.286241502450091168e-01,9.707123549860714462e-01,-2.029121776807509547e-01,-2.102292879574972906e-01,2.266515193370986225e-01,9.510166850623962276e-01
9.685494882897811575e-01,-8.098761190876291316e-02,2.352719606134967556e-01,1.306936899441267785e-01,9.701952511799183387e-01,-2.040596334327872408e-01,-2.117334365243043748e-01,2.283904142148935612e-01,9.502666839116047370e-01
9.679366330945686769e-01,-8.231831135376406483e-02,2.373233446785521505e-01,1.327706177791329045e-01,9.696793359597777329e-01,-2.051680980736322324e-01,-2.132384518985671051e-01,2.300992851541893147e-01,9.495176046832587424e-01
9.673153207385751795e-01,-8.365792294799510864e-02,2.393792434453220208e-01,1.348549238996369082e-01,9.691647618816476850e-01,-2.062372755515168576e-01,-2.147445453660012382e-01,2.317779460063369712e-01,9.487696053208243274e-01
9.666854628902152857e-01,-8.500662899249480930e-02,2.414396174285871888e-01,1.369465878203039444e-01,9.686516530330713248e-01,-2.072669948657387962e-01,-2.162518159949321228e-01,2.334263226451351869e-01,9.480228393742753390e-01
9.660469865169031278e-01,-8.636460342566237847e-02,2.435043636503016196e-01,1.390455810924267621e-01,9.681401143966755773e-01,-2.082571614006615279e-01,-2.177602953255704243e-01,2.350444089339712161e-01,9.472774565081766296e-01
9.653998281770902468e-01,-8.773201408940771440e-02,2.455733402864815618e-01,1.411518690178898972e-01,9.676302375469009176e-01,-2.092077275286083615e-01,-2.192699742974412447e-01,2.366322401718412294e-01,9.465336028281591263e-01
9.647439305482388150e-01,-8.910902416948707216e-02,2.476463815239321187e-01,1.432654117688869910e-01,9.671221041220157133e-01,-2.101186748228156820e-01,-2.207808195043818589e-01,2.381898770522514475e-01,9.457914210907216734e-01
9.640792403127581567e-01,-9.049579312209454773e-02,2.497233065318054668e-01,1.453861651374923070e-01,9.666157879447424550e-01,-2.109900032764076283e-01,-2.222927830240757352e-01,2.397173959544191268e-01,9.450510508391826159e-01
9.634057068696016968e-01,-9.189247727997124082e-02,2.518039248908429673e-01,1.475140810537076130e-01,9.661113563214874800e-01,-2.118217247534734116e-01,-2.238058083740533388e-01,2.412148830524477316e-01,9.443126284933557324e-01
9.627232815481809869e-01,-9.329923025780596790e-02,2.538880398884565959e-01,1.496491079578698979e-01,9.656088708421965983e-01,-2.126138589985887561e-01,-2.253198341303211116e-01,2.426824307282232640e-01,9.435762874104698383e-01
9.620319171279985149e-01,-9.471620323123754182e-02,2.559754505269717373e-01,1.517911910807254738e-01,9.651083878766113511e-01,-2.133664311940909608e-01,-2.268347961343716301e-01,2.441201353753249259e-01,9.428421579283621234e-01
9.613315675443765418e-01,-9.614354513552872405e-02,2.580659527551896759e-01,1.539402726642028207e-01,9.646099588859824436e-01,-2.140794704544413396e-01,-2.283506288468287460e-01,2.455280960435194115e-01,9.421103673978445947e-01
9.606221877074865301e-01,-9.758140281258684268e-02,2.601593402305794611e-01,1.560962921434546902e-01,9.641136306226445463e-01,-2.147530088885561406e-01,-2.298672661845265197e-01,2.469064135917710123e-01,9.413810402085338591e-01
9.599037333903635005e-01,-9.902992112413265546e-02,2.622554047972881497e-01,1.582591863029347012e-01,9.636194452614783579e-01,-2.153870810069480335e-01,-2.313846420443120555e-01,2.482551901493877389e-01,9.406542978107932385e-01
9.591761611589417758e-01,-1.004892430421593097e-01,2.643539367915853089e-01,1.604288894145004252e-01,9.631274404900282970e-01,-2.159817233387046898e-01,-2.329026906362948179e-01,2.495745287643365007e-01,9.399302587354199101e-01
9.584394283276818083e-01,-1.019595097236532383e-01,2.664547252420534917e-01,1.626053333625530894e-01,9.626376495735380345e-01,-2.165369741766679235e-01,-2.344213467006768248e-01,2.508645331657032851e-01,9.392090386120623968e-01
9.576934929308108524e-01,-1.034408605739815523e-01,2.685575580051638434e-01,1.647884477593910546e-01,9.621501014047902922e-01,-2.170528734013946748e-01,-2.359405456529955480e-01,2.521253075961743528e-01,9.384907501869695912e-01
9.569383137030849085e-01,-1.049334333017525323e-01,2.706622218607593333e-01,1.669781600528111309e-01,9.616648205447482223e-01,-2.175294623539877625e-01,-2.374602236848816772e-01,2.533569566878791091e-01,9.377755033404222562e-01
9.561738500663820028e-01,-1.064373639669747296e-01,2.727685025823063936e-01,1.691743956272966920e-01,9.611818272576405642e-01,-2.179667837396372376e-01,-2.389803178367851388e-01,2.545595853654398222e-01,9.370634051040539481e-01
9.554000621198731613e-01,-1.079527870236981213e-01,2.748761849909127086e-01,1.713770778996765165e-01,9.607011375426971478e-01,-2.183648815508928698e-01,-2.405007660526481406e-01,2.557332987664753254e-01,9.363545596781733815e-01
9.546169106324051690e-01,-1.094798353579672645e-01,2.769850529985958265e-01,1.735861284098816071e-01,9.602227631638717842e-01,-2.187238010039307401e-01,-2.420215072226239994e-01,2.568782021735814269e-01,9.356490684491476362e-01
9.538243570362631152e-01,-1.110186403216507911e-01,2.790948896441698412e-01,1.758014669072530956e-01,9.597467116783565677e-01,-2.190435884837532432e-01,-2.435424812175842613e-01,2.579944009541946803e-01,9.349470300068710715e-01
9.530223634218107920e-01,-1.125693317625679479e-01,2.812054771238189921e-01,1.780230114327360225e-01,9.592729864643804172e-01,-2.193242914957856116e-01,-2.450636289177276494e-01,2.590820005060894271e-01,9.342485401623256136e-01
9.522108925327028572e-01,-1.141320380512327176e-01,2.833165968176681870e-01,1.802506783972365745e-01,9.588015867485799593e-01,-2.195659586223269455e-01,-2.465848922367490925e-01,2.601411062071455338e-01,9.335536919652309695e-01
9.513899077614835775e-01,-1.157068861044744656e-01,2.854280293131735147e-01,1.824843826563658788e-01,9.583325076331159487e-01,-2.197686394828629042e-01,-2.481062141424931755e-01,2.611718233685052515e-01,9.328625757217670067e-01
9.505593731454625717e-01,-1.172940014061457092e-01,2.875395544258928515e-01,1.847240375817690849e-01,9.578657401226450263e-01,-2.199323846976311836e-01,-2.496275386747124625e-01,2.621742571905806840e-01,9.321752790123606358e-01
9.497192533627987210e-01,-1.188935080251018184e-01,2.896509512180012735e-01,1.869695551292088476e-01,9.574012711511985518e-01,-2.200572458540154264e-01,-2.511488109603420837e-01,2.631485127215312803e-01,9.314918867095152155e-01
9.488695137287589398e-01,-1.205055286306251638e-01,2.917619980148238867e-01,1.892208459035740475e-01,9.569390836090118091e-01,-2.201432754754968080e-01,-2.526699772265878496e-01,2.640946948179727638e-01,9.308124809956713763e-01
9.480101201921201648e-01,-1.221301845054160867e-01,2.938724724195760363e-01,1.914778192209315444e-01,9.564791563693154641e-01,-2.201905269929619602e-01,-2.541909848120458282e-01,2.650129081077279847e-01,9.301371413810798350e-01
9.471410393317104548e-01,-1.237675955563229402e-01,2.959821513264836446e-01,1.937403831677976807e-01,9.560214643151053737e-01,-2.201990547182176849e-01,-2.557117821760309662e-01,2.659032569544949598e-01,9.294659447216716552e-01
9.462628114708133698e-01,-1.254172090064331613e-01,2.980892740646478023e-01,1.960079223543010341e-01,9.555655851970119574e-01,-2.201710852074871827e-01,-2.572306086018969484e-01,2.667675693785302449e-01,9.287989437581036789e-01
9.453779452285284712e-01,-1.270760837639674512e-01,3.001869577624885488e-01,1.982779608380817460e-01,9.551097996996313899e-01,-2.201161528911989851e-01,-2.587400064183679738e-01,2.676134141872239525e-01,9.281361266676779742e-01
9.444872174986075342e-01,-1.287429406669447773e-01,3.022733054872124847e-01,2.005492437096614011e-01,9.546537517240770709e-01,-2.200368495653111933e-01,-2.602381540612770938e-01,2.684426746021803534e-01,9.274775650241934288e-01
9.435909453279546222e-01,-1.304169899956773848e-01,3.043477231976027819e-01,2.028208949151034945e-01,9.541974286231545976e-01,-2.199339714432416992e-01,-2.617246883290413328e-01,2.692557816081717625e-01,9.268233443270831318e-01
9.426893178191555478e-01,-1.320976236808884541e-01,3.064099670172586443e-01,2.050921935197876356e-01,9.537409003407166797e-01,-2.198078414764147726e-01,-2.631996242909497852e-01,2.700527963845978929e-01,9.261735501178824936e-01
9.417824851001971309e-01,-1.337843286583970670e-01,3.084598906890805292e-01,2.073625086672834517e-01,9.532842518139698074e-01,-2.196586561979534669e-01,-2.646630702567102089e-01,2.708336918644021485e-01,9.255282656912159345e-01
9.408705829551147204e-01,-1.354766585559315506e-01,3.104973769876683276e-01,2.096312768246642033e-01,9.528275655593434479e-01,-2.194865783757999900e-01,-2.661151515914937926e-01,2.715984265358964422e-01,9.248875719765412562e-01
9.399537400013137090e-01,-1.371742214682013794e-01,3.125223185984253305e-01,2.118979909599302547e-01,9.523709174985462989e-01,-2.192917621118550542e-01,-2.675559905602716282e-01,2.723469633896621334e-01,9.242515477118454781e-01
9.390320800091767062e-01,-1.388766725929055368e-01,3.145346125995707731e-01,2.141621935014424993e-01,9.519143763020492255e-01,-2.190743596684270600e-01,-2.689857014569544957e-01,2.730792742025720532e-01,9.236202695982298483e-01
9.381057228231575174e-01,-1.405837086500557331e-01,3.165341587706408943e-01,2.164234708031906040e-01,9.514580036485222880e-01,-2.188345232788219685e-01,-2.704043899272746132e-01,2.737953399080506611e-01,9.229938124130050436e-01
9.371747848556593041e-01,-1.422950631920121278e-01,3.185208590060152334e-01,2.186814484323628127e-01,9.510018546960532504e-01,-2.185724055689337308e-01,-2.718121534116391125e-01,2.744951499678052187e-01,9.223722490957104725e-01
9.362393794334161745e-01,-1.440105025113760928e-01,3.204946170601823408e-01,2.209357870405438962e-01,9.505459785747382151e-01,-2.182881595968250710e-01,-2.732090818455847891e-01,2.751787015410430692e-01,9.217556508181971031e-01
9.352996170799511289e-01,-1.457298220245999698e-01,3.224553384001814793e-01,2.231861787100921368e-01,9.500904188511908322e-01,-2.179819387930018726e-01,-2.745952583765494115e-01,2.758459986656460750e-01,9.211440870446213625e-01
9.343556057608751741e-01,-1.474528430616014185e-01,3.244029300981711716e-01,2.254323437091610149e-01,9.496352139544558257e-01,-2.176538968809651753e-01,-2.759707600326942178e-01,2.764970515045790944e-01,9.205376255842295796e-01
9.334074511018949361e-01,-1.491794100106616783e-01,3.263373007431643602e-01,2.276740276051299194e-01,9.491803975634346413e-01,-2.173041877999100369e-01,-2.773356583303383527e-01,2.771318756660643423e-01,9.199363326384532025e-01
9.324552565841608409e-01,-1.509093877769341618e-01,3.282583603647554749e-01,2.299109986946213657e-01,9.487259989586289688e-01,-2.169329656349936741e-01,-2.786900198209626978e-01,2.777504915940608443e-01,9.193402728432213955e-01
9.314991237198223528e-01,-1.526426595186500257e-01,3.301660203659305126e-01,2.321430457139107562e-01,9.482720433414947303e-01,-2.165403845558955542e-01,-2.800339065825274143e-01,2.783529240227583523e-01,9.187495093071388341e-01
9.305391522099618618e-01,-1.543791246295870279e-01,3.320601934634267449e-01,2.343699757980151621e-01,9.478185521245691136e-01,-2.161265987631401375e-01,-2.813673766604858351e-01,2.789392014885825333e-01,9.181641036460249650e-01
9.295754400867188849e-01,-1.561186969400774893e-01,3.339407936346125982e-01,2.365916126604747094e-01,9.473655431952645589e-01,-2.156917624413536017e-01,-2.826904844636596303e-01,2.795093558936331268e-01,9.175841160142363950e-01
9.286080838411943095e-01,-1.578613031121127719e-01,3.358077360701074432e-01,2.388077949691582713e-01,9.469130311559379454e-01,-2.152360297186368676e-01,-2.840032811196972484e-01,2.800634221150972158e-01,9.170096051331342313e-01
9.276371785385340019e-01,-1.596068812068641707e-01,3.376609371314450714e-01,2.410183748962037575e-01,9.464610275425771047e-01,-2.147595546313172676e-01,-2.853058147943373646e-01,2.806014376557374734e-01,9.164406283170078993e-01
9.266628179214522198e-01,-1.613553794055117285e-01,3.395003143132224732e-01,2.432232168228017077e-01,9.460095410242004288e-01,-2.142624910934017024e-01,-2.865981309782774655e-01,2.811234423310959296e-01,9.158772414967375486e-01
9.256850945033158196e-01,-1.631067548663958644e-01,3.413257862092178851e-01,2.454221961816745456e-01,9.455585775848557306e-01,-2.137449928701679047e-01,-2.878802727450266441e-01,2.816294779895349154e-01,9.153194992414349640e-01
9.247040996518015588e-01,-1.648609727034979211e-01,3.431372724820311304e-01,2.476151984221070523e-01,9.451081406899078940e-01,-2.132072135553715608e-01,-2.891522809827577478e-01,2.821195882616479578e-01,9.147674547782876919e-01
9.237199236640322164e-01,-1.666180050729197670e-01,3.449346938358551218e-01,2.498021180840664657e-01,9.446582314381354317e-01,-2.126493065516282255e-01,-2.904141946028614973e-01,2.825938183359549827e-01,9.142211600107911229e-01
9.227326558340103180e-01,-1.683778303555681088e-01,3.467179719920278624e-01,2.519828579694977089e-01,9.442088487010003028e-01,-2.120714250535769563e-01,-2.916660507276035985e-01,2.830522147581298609e-01,9.136806655355469431e-01
9.217423845130841009e-01,-1.701404324255727241e-01,3.484870296670638523e-01,2.541573284002170974e-01,9.437599892503225618e-01,-2.114737220334845236e-01,-2.929078848590425665e-01,2.834948252513092570e-01,9.131460206577761696e-01
9.207491971641079687e-01,-1.719057999951248972e-01,3.502417905528787956e-01,2.563254465529895554e-01,9.433116478754626222e-01,-2.108563502289879099e-01,-2.941397310311223978e-01,2.839216985552798778e-01,9.126172734056834379e-01
9.197531804098975083e-01,-1.736739260275154961e-01,3.519821792989911713e-01,2.584871358634872052e-01,9.428638174910126679e-01,-2.102194621327089785e-01,-2.953616219466727588e-01,2.843328842826017833e-01,9.120944705437956657e-01
9.187544200765191960e-01,-1.754448072109972001e-01,3.537081214964604148e-01,2.606423254916666044e-01,9.424164892358912748e-01,-2.095632099835102735e-01,-2.965735891008416947e-01,2.847284327899002321e-01,9.115776575853820063e-01
9.177530012319000674e-01,-1.772184434869818748e-01,3.554195436633885152e-01,2.627909498420095691e-01,9.419696525646562568e-01,-2.088877457591880593e-01,-2.977756628923430848e-01,2.851083950627764652e-01,9.110668788040500177e-01
9.167490082202018886e-01,-1.789948376267579133e-01,3.571163732318177741e-01,2.649329481327445390e-01,9.415232953317609343e-01,-2.081932211704173030e-01,-2.989678727237575773e-01,2.854728226129281676e-01,9.105621772446068629e-01
9.157425246923546203e-01,-1.807739948515745543e-01,3.587985385358690715e-01,2.670682640088387627e-01,9.410774038694204036e-01,-2.074797876558029386e-01,-3.001502470919819032e-01,2.858217673862415986e-01,9.100635947332623710e-01
9.147336336331137741e-01,-1.825559224915009882e-01,3.604659688009908547e-01,2.691968451941115226e-01,9.406319630596793324e-01,-2.067475963778814263e-01,-3.013228136698205550e-01,2.861552816807177435e-01,9.095711718872423468e-01
9.137224173849666231e-01,-1.843406296789696364e-01,3.621185941342059400e-01,2.713186431783314867e-01,9.401869564012229619e-01,-2.059967982199577829e-01,-3.024855993796102260e-01,2.864734180732406710e-01,9.090849481238770791e-01
9.127089576691796990e-01,-1.861281270733569082e-01,3.637563455152418856e-01,2.734336129356081946e-01,9.397423660714138149e-01,-2.052275437836770799e-01,-3.036386304596629393e-01,2.867762293542918117e-01,9.086049616692145614e-01
9.116933356042612457e-01,-1.879184266133573922e-01,3.653791547884693847e-01,2.755417126707924713e-01,9.392981729839996463e-01,-2.044399833872203587e-01,-3.047819325242598909e-01,2.870637684697960879e-01,9.081312495662160478e-01
9.106756317220781050e-01,-1.897115412942553536e-01,3.669869546555460382e-01,2.776429035909513954e-01,9.388543568428873165e-01,-2.036342670640522434e-01,-3.059155306178152345e-01,2.873360884693847983e-01,9.076638476825735768e-01
9.096559259818476351e-01,-1.915074849675032498e-01,3.685796786687089432e-01,2.797371496992980822e-01,9.384108961923441905e-01,-2.028105445621444791e-01,-3.070394492638033879e-01,2.875932424604281112e-01,9.072027907181928752e-01
9.086342977822035039e-01,-1.933062721603097112e-01,3.701572612246400995e-01,2.818244176092434827e-01,9.379677684639518009e-01,-2.019689653436031462e-01,-3.081537125089569562e-01,2.878352835672498000e-01,9.067481122123763893e-01
9.076108259715179871e-01,-1.951079179131752495e-01,3.717196375588519008e-01,2.839046763764846992e-01,9.375249500206069841e-01,-2.011096785846504809e-01,-3.092583439632017872e-01,2.880622648950111886e-01,9.062998445507391976e-01
9.065855888566457521e-01,-1.969124376335302795e-01,3.732667437405452482e-01,2.859778973472615338e-01,9.370824161978422717e-01,-2.002328331759133939e-01,-3.103533668357538744e-01,2.882742394978001776e-01,9.058580189718900000e-01
9.055586642102354533e-01,-1.987198469638371823e-01,3.747985166678803326e-01,2.880440540211101075e-01,9.366401413426997946e-01,-1.993385777229569888e-01,-3.114388039677427056e-01,2.884712603504839823e-01,9.054226655738996099e-01
9.045301292767482515e-01,-2.005301616626880556e-01,3.763148940636353856e-01,2.901031219266380079e-01,9.361980988503852963e-01,-1.984270605470485893e-01,-3.125146778617079457e-01,2.886533803239796914e-01,9.049938133205843727e-01
9.035000607773047143e-01,-2.023433974975802074e-01,3.778158144712090438e-01,2.921550785089737090e-01,9.357562611988985424e-01,-1.974984296860975153e-01,-3.135810107082733778e-01,2.888206521635792168e-01,9.045714900476262699e-01
9.024685349134720092e-01,-2.041595701481900837e-01,3.793012172509303559e-01,2.941999030276967741e-01,9.353145999818184286e-01,-1.965528328957498183e-01,-3.146378244102654431e-01,2.889731284700309266e-01,9.041557224685456973e-01
